0,udp,domain_u,SF,45,72,0,0,0,0,0,0,0,0,0,0,0,0,0,0,0,0,321,320,0.00,0.00,0.00,0.00,1.00,0.01,0.00,255,254,1.00,0.01,0.00,0.00,0.00,0.00,0.00,0.00,normal.
0,udp,domain_u,SF,42,42,0,0,0,0,0,0,0,0,0,0,0,0,0,0,0,0,8,17,0.00,0.00,0.00,0.00,1.00,0.00,0.24,255,254,1.00,0.01,0.00,0.00,0.00,0.00,0.00,0.00,normal.
0,udp,domain_u,SF,46,133,0,0,0,0,0,0,0,0,0,0,0,0,0,0,0,0,51,131,0.00,0.00,0.00,0.00,1.00,0.00,0.02,253,199,0.79,0.01,0.00,0.00,0.00,0.00,0.00,0.00,normal.
0,udp,domain_u,SF,42,42,0,0,0,0,0,0,0,0,0,0,0,0,0,0,0,0,10,16,0.00,0.00,0.00,0.00,1.00,0.00,0.12,255,245,0.96,0.01,0.00,0.00,0.00,0.00,0.00,0.00,normal.
0,udp,domain_u,SF,43,112,0,0,0,0,0,0,0,0,0,0,0,0,0,0,0,0,49,48,0.00,0.00,0.00,0.00,0.98,0.04,0.00,255,162,0.64,0.01,0.00,0.00,0.00,0.00,0.00,0.00,normal.
0,udp,domain_u,SF,42,42,0,0,0,0,0,0,0,0,0,0,0,0,0,0,0,0,9,19,0.00,0.00,0.00,0.00,1.00,0.00,0.32,255,242,0.95,0.01,0.00,0.00,0.00,0.00,0.00,0.00,normal.
0,udp,domain_u,SF,44,110,0,0,0,0,0,0,0,0,0,0,0,0,0,0,0,0,1,1,0.00,0.00,0.00,0.00,1.00,0.00,0.00,255,254,1.00,0.01,0.00,0.00,0.00,0.00,0.00,0.00,normal.
0,udp,domain_u,SF,44,113,0,0,0,0,0,0,0,0,0,0,0,0,0,0,0,0,1,2,0.00,0.00,0.00,0.00,1.00,0.00,1.00,255,235,0.92,0.01,0.01,0.00,0.00,0.00,0.00,0.00,normal.
0,udp,domain_u,SF,44,44,0,0,0,0,0,0,0,0,0,0,0,0,0,0,0,0,5,8,0.00,0.00,0.00,0.00,1.00,0.00,0.25,255,255,1.00,0.00,0.00,0.00,0.00,0.00,0.00,0.00,normal.
0,udp,domain_u,SF,44,98,0,0,0,0,0,0,0,0,0,0,0,0,0,0,0,0,7,85,0.00,0.00,0.00,0.00,1.00,0.00,0.02,255,206,0.81,0.01,0.01,0.00,0.00,0.00,0.00,0.00,normal.
0,udp,domain_u,SF,46,46,0,0,0,0,0,0,0,0,0,0,0,0,0,0,0,0,8,12,0.00,0.00,0.00,0.00,1.00,0.00,0.25,255,255,1.00,0.00,0.01,0.00,0.00,0.00,0.00,0.00,normal.
0,udp,domain_u,SF,43,109,0,0,0,0,0,0,0,0,0,0,0,0,0,0,0,0,34,112,0.00,0.00,0.00,0.00,1.00,0.00,0.02,87,39,0.45,0.03,0.01,0.00,0.00,0.00,0.00,0.00,normal.
0,udp,domain_u,SF,42,42,0,0,0,0,0,0,0,0,0,0,0,0,0,0,0,0,7,11,0.00,0.00,0.00,0.00,1.00,0.00,0.18,255,233,0.91,0.01,0.01,0.00,0.00,0.00,0.00,0.00,normal.
0,udp,domain_u,SF,44,133,0,0,0,0,0,0,0,0,0,0,0,0,0,0,0,0,62,142,0.00,0.00,0.00,0.00,1.00,0.00,0.01,255,254,1.00,0.01,0.00,0.00,0.00,0.00,0.00,0.00,normal.
0,udp,domain_u,SF,42,42,0,0,0,0,0,0,0,0,0,0,0,0,0,0,0,0,2,3,0.00,0.00,0.00,0.00,1.00,0.00,0.67,255,134,0.53,0.01,0.00,0.00,0.00,0.00,0.00,0.00,normal.
0,udp,domain_u,SF,45,45,0,0,0,0,0,0,0,0,0,0,0,0,0,0,0,0,157,157,0.00,0.00,0.00,0.00,1.00,0.00,0.00,255,255,1.00,0.00,0.00,0.00,0.00,0.00,0.00,0.00,normal.
0,udp,domain_u,SF,44,44,0,0,0,0,0,0,0,0,0,0,0,0,0,0,0,0,6,9,0.00,0.00,0.00,0.00,1.00,0.00,0.22,254,250,0.98,0.01,0.00,0.00,0.00,0.00,0.00,0.00,normal.
0,udp,domain_u,SF,44,110,0,0,0,0,0,0,0,0,0,0,0,0,0,0,0,0,33,101,0.00,0.00,0.00,0.00,1.00,0.00,0.02,189,139,0.74,0.01,0.01,0.00,0.00,0.00,0.00,0.00,normal.
0,udp,domain_u,SF,30,30,0,0,0,0,0,0,0,0,0,0,0,0,0,0,0,0,7,11,0.00,0.00,0.00,0.00,1.00,0.00,0.18,255,252,0.99,0.01,0.01,0.00,0.00,0.00,0.00,0.00,normal.
0,udp,domain_u,SF,46,157,0,0,0,0,0,0,0,0,0,0,0,0,0,0,0,0,37,118,0.00,0.00,0.00,0.00,1.00,0.00,0.02,255,224,0.88,0.01,0.00,0.00,0.00,0.00,0.00,0.00,normal.
0,udp,domain_u,SF,44,156,0,0,0,0,0,0,0,0,0,0,0,0,0,0,0,0,79,145,0.00,0.00,0.00,0.00,1.00,0.00,0.01,255,255,1.00,0.00,0.00,0.00,0.00,0.00,0.00,0.00,normal.
0,udp,domain_u,SF,42,42,0,0,0,0,0,0,0,0,0,0,0,0,0,0,0,0,3,5,0.00,0.00,0.00,0.00,1.00,0.00,0.60,18,16,0.89,0.17,0.06,0.00,0.00,0.00,0.00,0.00,normal.
0,udp,domain_u,SF,42,0,0,0,0,0,0,0,0,0,0,0,0,0,0,0,0,0,1,1,0.00,0.00,0.00,0.00,1.00,0.00,0.00,243,241,0.99,0.01,0.00,0.00,0.00,0.00,0.00,0.00,normal.
0,udp,domain_u,SF,33,0,0,0,0,0,0,0,0,0,0,0,0,0,0,0,0,0,3,3,0.00,0.00,0.00,0.00,1.00,0.00,0.00,255,32,0.13,0.03,0.13,0.00,0.00,0.00,0.00,0.00,normal.
0,udp,domain_u,SF,42,42,0,0,0,0,0,0,0,0,0,0,0,0,0,0,0,0,5,11,0.00,0.00,0.00,0.00,1.00,0.00,0.18,255,243,0.95,0.01,0.00,0.00,0.00,0.00,0.00,0.00,normal.
0,udp,domain_u,SF,126,43,0,0,0,0,0,0,0,0,0,0,0,0,0,0,0,0,293,292,0.00,0.00,0.00,0.00,1.00,0.01,0.00,182,149,0.82,0.01,0.41,0.00,0.00,0.00,0.00,0.00,normal.
0,udp,domain_u,SF,36,0,0,0,0,0,0,0,0,0,0,0,0,0,0,0,0,0,6,6,0.00,0.00,0.00,0.00,1.00,0.00,0.00,58,161,1.00,0.00,1.00,0.01,0.00,0.00,0.00,0.00,normal.
0,udp,domain_u,SF,46,46,0,0,0,0,0,0,0,0,0,0,0,0,0,0,0,0,5,8,0.00,0.00,0.00,0.00,1.00,0.00,0.25,255,255,1.00,0.00,0.00,0.00,0.00,0.00,0.00,0.00,normal.
0,udp,domain_u,SF,46,46,0,0,0,0,0,0,0,0,0,0,0,0,0,0,0,0,5,8,0.00,0.00,0.00,0.00,1.00,0.00,0.25,255,255,1.00,0.00,0.00,0.00,0.00,0.00,0.00,0.00,normal.
0,udp,domain_u,SF,46,46,0,0,0,0,0,0,0,0,0,0,0,0,0,0,0,0,5,8,0.00,0.00,0.00,0.00,1.00,0.00,0.25,255,255,1.00,0.00,0.00,0.00,0.00,0.00,0.00,0.00,normal.
0,udp,domain_u,SF,46,46,0,0,0,0,0,0,0,0,0,0,0,0,0,0,0,0,5,8,0.00,0.00,0.00,0.00,1.00,0.00,0.25,255,255,1.00,0.00,0.00,0.00,0.00,0.00,0.00,0.00,normal.
0,udp,domain_u,SF,46,46,0,0,0,0,0,0,0,0,0,0,0,0,0,0,0,0,5,8,0.00,0.00,0.00,0.00,1.00,0.00,0.25,255,255,1.00,0.00,0.00,0.00,0.00,0.00,0.00,0.00,normal.
0,udp,domain_u,SF,46,46,0,0,0,0,0,0,0,0,0,0,0,0,0,0,0,0,5,8,0.00,0.00,0.00,0.00,1.00,0.00,0.25,255,255,1.00,0.00,0.00,0.00,0.00,0.00,0.00,0.00,normal.
0,udp,domain_u,SF,100,0,0,0,0,0,0,0,0,0,0,0,0,0,0,0,0,0,1,2,0.00,0.00,0.00,0.00,1.00,0.00,1.00,34,34,1.00,0.00,1.00,0.00,0.00,0.00,0.00,0.00,normal.
0,udp,domain_u,SF,42,42,0,0,0,0,0,0,0,0,0,0,0,0,0,0,0,0,4,9,0.00,0.00,0.00,0.00,1.00,0.00,0.22,11,241,1.00,0.00,1.00,0.01,0.00,0.00,0.00,0.00,normal.
0,udp,domain_u,SF,31,47,0,0,0,0,0,0,0,0,0,0,0,0,0,0,0,0,3,5,0.00,0.00,0.00,0.00,1.00,0.00,0.40,215,211,0.98,0.01,0.01,0.00,0.00,0.00,0.00,0.00,normal.
0,udp,domain_u,SF,31,0,0,0,0,0,0,0,0,0,0,0,0,0,0,0,0,0,1,4,0.00,0.00,0.00,0.00,1.00,0.00,0.75,51,40,0.25,0.10,0.25,0.05,0.00,0.00,0.00,0.00,normal.
0,udp,domain_u,SF,46,138,0,0,0,0,0,0,0,0,0,0,0,0,0,0,0,0,36,91,0.00,0.00,0.00,0.00,1.00,0.00,0.02,255,254,1.00,0.01,0.00,0.00,0.00,0.00,0.00,0.00,normal.
0,udp,domain_u,SF,46,117,0,0,0,0,0,0,0,0,0,0,0,0,0,0,0,0,1,2,0.00,0.00,0.00,0.00,1.00,0.00,1.00,234,213,0.91,0.01,0.00,0.00,0.00,0.00,0.03,0.00,normal.
0,udp,domain_u,SF,43,131,0,0,0,0,0,0,0,0,0,0,0,0,0,0,0,0,1,1,0.00,0.00,0.00,0.00,1.00,0.00,0.00,255,253,0.99,0.01,0.00,0.00,0.00,0.00,0.00,0.00,normal.
0,udp,domain_u,SF,43,130,0,0,0,0,0,0,0,0,0,0,0,0,0,0,0,0,218,295,0.00,0.00,0.00,0.00,1.00,0.01,0.01,220,181,0.82,0.01,0.00,0.00,0.00,0.00,0.00,0.00,normal.
0,udp,domain_u,SF,46,46,0,0,0,0,0,0,0,0,0,0,0,0,0,0,0,0,7,14,0.00,0.00,0.00,0.00,1.00,0.00,0.21,224,220,0.98,0.01,0.00,0.00,0.00,0.00,0.00,0.00,normal.
0,udp,domain_u,SF,45,111,0,0,0,0,0,0,0,0,0,0,0,0,0,0,0,0,8,8,0.00,0.00,0.00,0.00,1.00,0.00,0.00,255,253,0.99,0.01,0.00,0.00,0.00,0.00,0.00,0.00,normal.
0,udp,domain_u,SF,45,111,0,0,0,0,0,0,0,0,0,0,0,0,0,0,0,0,8,8,0.00,0.00,0.00,0.00,1.00,0.00,0.00,255,253,0.99,0.01,0.00,0.00,0.00,0.00,0.00,0.00,normal.
0,udp,domain_u,SF,45,111,0,0,0,0,0,0,0,0,0,0,0,0,0,0,0,0,8,8,0.00,0.00,0.00,0.00,1.00,0.00,0.00,255,253,0.99,0.01,0.00,0.00,0.00,0.00,0.00,0.00,normal.
0,udp,domain_u,SF,45,111,0,0,0,0,0,0,0,0,0,0,0,0,0,0,0,0,8,8,0.00,0.00,0.00,0.00,1.00,0.00,0.00,255,253,0.99,0.01,0.00,0.00,0.00,0.00,0.00,0.00,normal.
0,udp,domain_u,SF,42,42,0,0,0,0,0,0,0,0,0,0,0,0,0,0,0,0,8,14,0.00,0.00,0.00,0.00,1.00,0.00,0.14,19,16,0.84,0.16,0.05,0.00,0.00,0.00,0.00,0.00,normal.
0,udp,domain_u,SF,44,126,0,0,0,0,0,0,0,0,0,0,0,0,0,0,0,0,32,32,0.00,0.00,0.00,0.00,1.00,0.00,0.00,153,99,0.65,0.02,0.01,0.00,0.00,0.00,0.00,0.00,normal.
0,udp,domain_u,SF,97,45,0,0,0,0,0,0,0,0,0,0,0,0,0,0,0,0,1,1,0.00,0.00,0.00,0.00,1.00,0.00,0.00,15,15,1.00,0.00,1.00,0.00,0.00,0.00,0.00,0.00,normal.
0,udp,domain_u,SF,37,53,0,0,0,0,0,0,0,0,0,0,0,0,0,0,0,0,3,7,0.00,0.00,0.00,0.00,1.00,0.00,0.43,255,242,0.95,0.01,0.01,0.00,0.00,0.00,0.00,0.00,normal.
0,udp,domain_u,SF,33,88,0,0,0,0,0,0,0,0,0,0,0,0,0,0,0,0,2,1,0.00,0.00,0.00,0.00,0.50,1.00,0.00,255,248,0.97,0.01,0.00,0.00,0.00,0.00,0.00,0.00,normal.
0,udp,domain_u,SF,36,96,0,0,0,0,0,0,0,0,0,0,0,0,0,0,0,0,2,6,0.00,0.00,0.00,0.00,0.50,1.00,0.33,255,231,0.91,0.01,0.00,0.00,0.00,0.00,0.00,0.00,normal.
97,udp,domain_u,SF,87,44,0,0,0,0,0,0,0,0,0,0,0,0,0,0,0,0,1,1,0.00,0.00,0.00,0.00,1.00,0.00,0.00,255,240,0.94,0.01,0.19,0.00,0.00,0.00,0.00,0.00,normal.
0,udp,domain_u,SF,43,134,0,0,0,0,0,0,0,0,0,0,0,0,0,0,0,0,2,22,0.00,0.00,0.00,0.00,1.00,0.00,0.09,255,255,1.00,0.00,0.00,0.00,0.00,0.00,0.00,0.00,normal.
0,udp,domain_u,SF,46,164,0,0,0,0,0,0,0,0,0,0,0,0,0,0,0,0,12,32,0.00,0.00,0.00,0.00,1.00,0.00,0.06,255,255,1.00,0.00,0.00,0.00,0.00,0.00,0.00,0.00,normal.
0,udp,domain_u,SF,34,0,0,0,0,0,0,0,0,0,0,0,0,0,0,0,0,0,1,2,0.00,0.00,0.00,0.00,1.00,0.00,1.00,211,21,0.10,0.03,0.10,0.00,0.00,0.00,0.00,0.00,normal.
0,udp,domain_u,SF,29,0,0,0,0,0,0,0,0,0,0,0,0,0,0,0,0,0,2,14,0.00,0.00,0.00,0.00,0.50,1.00,0.36,131,31,0.10,0.05,0.10,0.06,0.00,0.00,0.00,0.00,normal.
0,udp,domain_u,SF,73,45,0,0,0,0,0,0,0,0,0,0,0,0,0,0,0,0,129,129,0.00,0.00,0.00,0.00,1.00,0.00,0.00,255,166,0.65,0.01,0.26,0.00,0.00,0.00,0.00,0.00,normal.
0,udp,domain_u,SF,43,132,0,0,0,0,0,0,0,0,0,0,0,0,0,0,0,0,68,148,0.00,0.00,0.00,0.00,1.00,0.00,0.01,255,254,1.00,0.01,0.00,0.00,0.00,0.00,0.00,0.00,normal.
0,udp,domain_u,SF,33,0,0,0,0,0,0,0,0,0,0,0,0,0,0,0,0,0,1,2,0.00,0.00,0.00,0.00,1.00,0.00,1.00,255,1,0.00,0.49,0.00,0.00,0.00,0.00,0.00,0.00,normal.
0,udp,domain_u,SF,44,115,0,0,0,0,0,0,0,0,0,0,0,0,0,0,0,0,3,5,0.00,0.00,0.00,0.00,1.00,0.00,0.40,255,252,0.99,0.01,0.00,0.00,0.00,0.00,0.00,0.00,normal.
0,udp,domain_u,SF,89,0,0,0,0,0,0,0,0,0,0,0,0,0,0,0,0,0,1,4,0.00,0.00,0.00,0.00,1.00,0.00,0.75,255,250,0.98,0.01,0.08,0.00,0.00,0.00,0.00,0.00,normal.
14,udp,domain_u,SF,42,42,0,0,0,0,0,0,0,0,0,0,0,0,0,0,0,0,4,4,0.00,0.00,0.00,0.00,1.00,0.00,0.00,255,242,0.95,0.01,0.01,0.00,0.00,0.00,0.00,0.00,normal.
0,udp,domain_u,SF,43,126,0,0,0,0,0,0,0,0,0,0,0,0,0,0,0,0,225,302,0.00,0.00,0.00,0.00,1.00,0.00,0.01,150,111,0.74,0.02,0.01,0.00,0.00,0.00,0.00,0.00,normal.
0,udp,domain_u,SF,42,42,0,0,0,0,0,0,0,0,0,0,0,0,0,0,0,0,6,9,0.00,0.00,0.00,0.00,0.83,0.33,0.33,255,77,0.30,0.01,0.00,0.00,0.00,0.00,0.00,0.00,normal.
0,udp,domain_u,SF,42,42,0,0,0,0,0,0,0,0,0,0,0,0,0,0,0,0,8,13,0.00,0.00,0.00,0.00,0.88,0.25,0.23,255,210,0.82,0.01,0.00,0.00,0.00,0.00,0.00,0.00,normal.
0,udp,domain_u,SF,46,46,0,0,0,0,0,0,0,0,0,0,0,0,0,0,0,0,11,17,0.00,0.00,0.00,0.00,1.00,0.00,0.12,255,255,1.00,0.00,0.01,0.00,0.00,0.00,0.00,0.00,normal.
0,udp,domain_u,SF,42,42,0,0,0,0,0,0,0,0,0,0,0,0,0,0,0,0,7,12,0.00,0.00,0.00,0.00,1.00,0.00,0.25,255,247,0.97,0.01,0.00,0.00,0.00,0.00,0.00,0.00,normal.
0,udp,domain_u,SF,43,74,0,0,0,0,0,0,0,0,0,0,0,0,0,0,0,0,126,125,0.00,0.00,0.00,0.00,0.99,0.02,0.00,255,254,1.00,0.01,0.01,0.00,0.00,0.00,0.00,0.00,normal.
0,udp,domain_u,SF,30,0,0,0,0,0,0,0,0,0,0,0,0,0,0,0,0,0,1,2,0.00,0.00,0.00,0.00,1.00,0.00,1.00,86,33,0.17,0.05,0.17,0.06,0.00,0.00,0.00,0.00,normal.
0,udp,domain_u,SF,44,73,0,0,0,0,0,0,0,0,0,0,0,0,0,0,0,0,212,212,0.00,0.00,0.00,0.00,1.00,0.00,0.00,255,255,1.00,0.00,0.01,0.00,0.00,0.00,0.00,0.00,normal.
0,udp,domain_u,SF,44,134,0,0,0,0,0,0,0,0,0,0,0,0,0,0,0,0,120,120,0.00,0.00,0.00,0.00,1.00,0.00,0.00,255,254,1.00,0.01,0.00,0.00,0.00,0.00,0.00,0.00,normal.
0,udp,domain_u,SF,48,114,0,0,0,0,0,0,0,0,0,0,0,0,0,0,0,0,3,3,0.00,0.00,0.00,0.00,1.00,0.00,0.00,255,220,0.86,0.01,0.00,0.00,0.00,0.00,0.00,0.00,normal.
0,udp,domain_u,SF,45,135,0,0,0,0,0,0,0,0,0,0,0,0,0,0,0,0,48,126,0.00,0.00,0.00,0.00,1.00,0.00,0.02,240,156,0.65,0.02,0.00,0.00,0.00,0.00,0.00,0.00,normal.
0,udp,domain_u,SF,46,136,0,0,0,0,0,0,0,0,0,0,0,0,0,0,0,0,2,22,0.00,0.00,0.00,0.00,1.00,0.00,0.09,255,255,1.00,0.00,0.00,0.00,0.00,0.00,0.00,0.00,normal.
0,udp,domain_u,SF,42,132,0,0,0,0,0,0,0,0,0,0,0,0,0,0,0,0,60,60,0.00,0.00,0.00,0.00,1.00,0.00,0.00,198,135,0.68,0.02,0.01,0.00,0.00,0.00,0.00,0.00,normal.
0,udp,domain_u,SF,104,0,0,0,0,0,0,0,0,0,0,0,0,0,0,0,0,0,1,2,0.00,0.00,0.00,0.00,1.00,0.00,1.00,110,66,0.60,0.03,0.60,0.00,0.00,0.00,0.00,0.00,normal.
0,udp,domain_u,SF,33,0,0,0,0,0,0,0,0,0,0,0,0,0,0,0,0,0,1,8,0.00,0.00,0.00,0.00,1.00,0.00,0.50,30,25,0.07,0.13,0.07,0.08,0.00,0.00,0.00,0.00,normal.
0,udp,domain_u,SF,44,77,0,0,0,0,0,0,0,0,0,0,0,0,0,0,0,0,165,165,0.00,0.00,0.00,0.00,1.00,0.00,0.00,255,255,1.00,0.00,0.01,0.00,0.00,0.00,0.00,0.00,normal.
0,udp,domain_u,SF,46,143,0,0,0,0,0,0,0,0,0,0,0,0,0,0,0,0,69,68,0.00,0.00,0.00,0.00,0.99,0.03,0.00,255,168,0.66,0.01,0.00,0.00,0.00,0.00,0.00,0.00,normal.
0,udp,domain_u,SF,36,101,0,0,0,0,0,0,0,0,0,0,0,0,0,0,0,0,2,2,0.00,0.00,0.00,0.00,1.00,0.00,0.00,255,250,0.98,0.01,0.00,0.00,0.00,0.00,0.00,0.00,normal.
0,udp,domain_u,SF,45,111,0,0,0,0,0,0,0,0,0,0,0,0,0,0,0,0,40,84,0.00,0.00,0.00,0.00,1.00,0.00,0.02,255,208,0.82,0.01,0.00,0.00,0.00,0.00,0.00,0.00,normal.
0,udp,domain_u,SF,42,108,0,0,0,0,0,0,0,0,0,0,0,0,0,0,0,0,4,4,0.00,0.00,0.00,0.00,1.00,0.00,0.00,255,253,0.99,0.01,0.00,0.00,0.00,0.00,0.00,0.00,normal.
0,udp,domain_u,SF,33,0,0,0,0,0,0,0,0,0,0,0,0,0,0,0,0,0,1,5,0.00,0.00,0.00,0.00,1.00,0.00,0.80,255,2,0.01,0.60,0.01,0.00,0.00,0.00,0.00,0.00,normal.
11,udp,domain_u,SF,42,42,0,0,0,0,0,0,0,0,0,0,0,0,0,0,0,0,3,4,0.00,0.00,0.00,0.00,1.00,0.00,0.50,255,242,0.95,0.01,0.00,0.00,0.00,0.00,0.00,0.00,normal.
0,udp,domain_u,SF,42,108,0,0,0,0,0,0,0,0,0,0,0,0,0,0,0,0,1,1,0.00,0.00,0.00,0.00,1.00,0.00,0.00,113,229,0.80,0.02,0.80,0.01,0.01,0.00,0.12,0.00,normal.
0,udp,domain_u,SF,42,42,0,0,0,0,0,0,0,0,0,0,0,0,0,0,0,0,3,5,0.00,0.00,0.00,0.00,1.00,0.00,0.40,255,249,0.98,0.01,0.00,0.00,0.00,0.00,0.00,0.00,normal.
0,udp,domain_u,SF,45,134,0,0,0,0,0,0,0,0,0,0,0,0,0,0,0,0,62,128,0.00,0.00,0.00,0.00,1.00,0.00,0.02,255,254,1.00,0.01,0.00,0.00,0.00,0.00,0.00,0.00,normal.
0,udp,domain_u,SF,42,46,0,0,0,0,0,0,0,0,0,0,0,0,0,0,0,0,4,13,0.00,0.00,0.00,0.00,1.00,0.00,0.15,255,255,1.00,0.00,0.02,0.00,0.00,0.00,0.00,0.00,normal.
0,udp,domain_u,SF,42,42,0,0,0,0,0,0,0,0,0,0,0,0,0,0,0,0,13,20,0.00,0.00,0.00,0.00,1.00,0.00,0.15,113,112,0.99,0.02,0.01,0.00,0.00,0.00,0.00,0.00,normal.
0,udp,domain_u,SF,34,91,0,0,0,0,0,0,0,0,0,0,0,0,0,0,0,0,1,3,0.00,0.00,0.00,0.00,1.00,0.00,1.00,2,1,0.50,1.00,0.50,0.00,0.00,0.00,0.00,0.00,normal.
0,udp,domain_u,SF,43,43,0,0,0,0,0,0,0,0,0,0,0,0,0,0,0,0,2,3,0.00,0.00,0.00,0.00,1.00,0.00,0.67,255,251,0.98,0.01,0.01,0.00,0.00,0.00,0.00,0.00,normal.
0,udp,domain_u,SF,43,43,0,0,0,0,0,0,0,0,0,0,0,0,0,0,0,0,2,3,0.00,0.00,0.00,0.00,1.00,0.00,0.67,255,251,0.98,0.01,0.01,0.00,0.00,0.00,0.00,0.00,normal.
0,udp,domain_u,SF,43,43,0,0,0,0,0,0,0,0,0,0,0,0,0,0,0,0,2,3,0.00,0.00,0.00,0.00,1.00,0.00,0.67,255,251,0.98,0.01,0.01,0.00,0.00,0.00,0.00,0.00,normal.
0,udp,domain_u,SF,45,120,0,0,0,0,0,0,0,0,0,0,0,0,0,0,0,0,29,29,0.00,0.00,0.00,0.00,1.00,0.00,0.00,255,254,1.00,0.01,0.00,0.00,0.00,0.00,0.00,0.00,normal.
0,udp,domain_u,SF,45,111,0,0,0,0,0,0,0,0,0,0,0,0,0,0,0,0,32,32,0.00,0.00,0.00,0.00,1.00,0.00,0.00,177,122,0.69,0.02,0.01,0.00,0.00,0.00,0.00,0.00,normal.
0,udp,domain_u,SF,42,42,0,0,0,0,0,0,0,0,0,0,0,0,0,0,0,0,5,8,0.00,0.00,0.00,0.00,1.00,0.00,0.25,255,228,0.89,0.01,0.00,0.00,0.00,0.00,0.00,0.00,normal.
0,udp,domain_u,SF,43,43,0,0,0,0,0,0,0,0,0,0,0,0,0,0,0,0,2,3,0.00,0.00,0.00,0.00,0.50,1.00,1.00,255,238,0.93,0.01,0.01,0.00,0.00,0.00,0.00,0.00,normal.
0,udp,domain_u,SF,36,0,0,0,0,0,0,0,0,0,0,0,0,0,0,0,0,0,6,6,0.00,0.00,0.00,0.00,1.00,0.00,0.00,19,19,1.00,0.00,1.00,0.00,0.00,0.00,0.00,0.00,normal.
0,udp,domain_u,SF,36,0,0,0,0,0,0,0,0,0,0,0,0,0,0,0,0,0,6,6,0.00,0.00,0.00,0.00,1.00,0.00,0.00,19,19,1.00,0.00,1.00,0.00,0.00,0.00,0.00,0.00,normal.
0,udp,domain_u,SF,42,42,0,0,0,0,0,0,0,0,0,0,0,0,0,0,0,0,2,2,0.00,0.00,0.00,0.00,1.00,0.00,0.00,128,124,0.97,0.02,0.01,0.00,0.00,0.00,0.00,0.00,normal.
0,udp,domain_u,SF,42,42,0,0,0,0,0,0,0,0,0,0,0,0,0,0,0,0,10,17,0.00,0.00,0.00,0.00,1.00,0.00,0.18,255,254,1.00,0.01,0.00,0.00,0.00,0.00,0.00,0.00,normal.
0,udp,domain_u,SF,44,120,0,0,0,0,0,0,0,0,0,0,0,0,0,0,0,0,188,187,0.00,0.00,0.00,0.00,0.99,0.01,0.00,255,254,1.00,0.01,0.00,0.00,0.00,0.00,0.00,0.00,normal.
0,udp,domain_u,SF,45,115,0,0,0,0,0,0,0,0,0,0,0,0,0,0,0,0,2,8,0.00,0.00,0.00,0.00,1.00,0.00,0.25,202,188,0.93,0.01,0.00,0.00,0.00,0.00,0.00,0.00,normal.
0,udp,domain_u,SF,30,90,0,0,0,0,0,0,0,0,0,0,0,0,0,0,0,0,2,2,0.00,0.00,0.00,0.00,1.00,0.00,0.00,255,235,0.92,0.01,0.01,0.00,0.00,0.00,0.00,0.00,normal.
8,udp,domain_u,SF,42,42,0,0,0,0,0,0,0,0,0,0,0,0,0,0,0,0,4,4,0.00,0.00,0.00,0.00,1.00,0.00,0.00,255,238,0.93,0.01,0.00,0.00,0.00,0.00,0.00,0.00,normal.
0,udp,domain_u,SF,30,30,0,0,0,0,0,0,0,0,0,0,0,0,0,0,0,0,1,3,0.00,0.00,0.00,0.00,1.00,0.00,1.00,255,242,0.95,0.01,0.00,0.00,0.00,0.00,0.00,0.00,normal.
0,udp,domain_u,SF,46,485,0,0,0,0,0,0,0,0,0,0,0,0,0,0,0,0,114,181,0.00,0.00,0.00,0.00,1.00,0.00,0.01,250,210,0.84,0.01,0.00,0.00,0.00,0.00,0.00,0.00,normal.
0,udp,domain_u,SF,46,129,0,0,0,0,0,0,0,0,0,0,0,0,0,0,0,0,82,162,0.00,0.00,0.00,0.00,1.00,0.00,0.01,255,255,1.00,0.00,0.00,0.00,0.00,0.00,0.00,0.00,normal.
0,udp,domain_u,SF,35,35,0,0,0,0,0,0,0,0,0,0,0,0,0,0,0,0,2,3,0.00,0.00,0.00,0.00,1.00,0.00,0.67,255,241,0.95,0.01,0.00,0.00,0.00,0.00,0.00,0.00,normal.
0,udp,domain_u,SF,42,42,0,0,0,0,0,0,0,0,0,0,0,0,0,0,0,0,14,25,0.00,0.00,0.00,0.00,1.00,0.00,0.12,255,245,0.96,0.01,0.01,0.00,0.00,0.00,0.00,0.00,normal.
0,udp,domain_u,SF,42,42,0,0,0,0,0,0,0,0,0,0,0,0,0,0,0,0,2,3,0.00,0.00,0.00,0.00,1.00,0.00,0.67,255,245,0.96,0.01,0.00,0.00,0.00,0.00,0.00,0.00,normal.
0,udp,domain_u,SF,42,42,0,0,0,0,0,0,0,0,0,0,0,0,0,0,0,0,2,3,0.00,0.00,0.00,0.00,1.00,0.00,0.67,255,245,0.96,0.01,0.00,0.00,0.00,0.00,0.00,0.00,normal.
0,udp,domain_u,SF,42,42,0,0,0,0,0,0,0,0,0,0,0,0,0,0,0,0,3,6,0.00,0.00,0.00,0.00,1.00,0.00,0.50,103,103,1.00,0.00,0.01,0.00,0.00,0.00,0.00,0.00,normal.
0,udp,domain_u,SF,44,44,0,0,0,0,0,0,0,0,0,0,0,0,0,0,0,0,196,196,0.00,0.00,0.00,0.00,1.00,0.00,0.00,255,255,1.00,0.00,0.01,0.00,0.00,0.00,0.00,0.00,normal.
0,udp,domain_u,SF,45,74,0,0,0,0,0,0,0,0,0,0,0,0,0,0,0,0,93,93,0.00,0.00,0.00,0.00,1.00,0.00,0.00,255,223,0.87,0.01,0.00,0.00,0.00,0.00,0.00,0.00,normal.
0,udp,domain_u,SF,32,0,0,0,0,0,0,0,0,0,0,0,0,0,0,0,0,0,1,2,0.00,0.00,0.00,0.00,1.00,0.00,1.00,84,34,0.18,0.06,0.18,0.06,0.00,0.00,0.00,0.00,normal.
0,udp,domain_u,SF,45,132,0,0,0,0,0,0,0,0,0,0,0,0,0,0,0,0,3,3,0.00,0.00,0.00,0.00,1.00,0.00,0.00,255,253,0.99,0.01,0.00,0.00,0.00,0.00,0.00,0.00,normal.
0,udp,domain_u,SF,44,113,0,0,0,0,0,0,0,0,0,0,0,0,0,0,0,0,2,4,0.00,0.00,0.00,0.00,1.00,0.00,0.50,255,239,0.94,0.01,0.01,0.00,0.00,0.00,0.00,0.00,normal.
0,udp,domain_u,SF,43,132,0,0,0,0,0,0,0,0,0,0,0,0,0,0,0,0,28,106,0.00,0.00,0.00,0.00,1.00,0.00,0.02,220,136,0.62,0.02,0.00,0.00,0.00,0.00,0.00,0.00,normal.
0,udp,domain_u,SF,42,42,0,0,0,0,0,0,0,0,0,0,0,0,0,0,0,0,6,14,0.00,0.00,0.00,0.00,1.00,0.00,0.29,255,230,0.90,0.01,0.00,0.00,0.00,0.00,0.00,0.00,normal.
0,udp,domain_u,SF,45,80,0,0,0,0,0,0,0,0,0,0,0,0,0,0,0,0,29,29,0.00,0.00,0.00,0.00,1.00,0.00,0.00,255,253,0.99,0.01,0.00,0.00,0.00,0.00,0.00,0.00,normal.
0,udp,domain_u,SF,42,42,0,0,0,0,0,0,0,0,0,0,0,0,0,0,0,0,6,10,0.00,0.00,0.00,0.00,1.00,0.00,0.20,255,245,0.96,0.01,0.00,0.00,0.00,0.00,0.00,0.00,normal.
0,udp,domain_u,SF,45,45,0,0,0,0,0,0,0,0,0,0,0,0,0,0,0,0,30,30,0.00,0.00,0.00,0.00,1.00,0.00,0.00,255,254,1.00,0.01,0.00,0.00,0.00,0.00,0.00,0.00,normal.
0,udp,domain_u,SF,42,42,0,0,0,0,0,0,0,0,0,0,0,0,0,0,0,0,11,19,0.00,0.00,0.00,0.00,1.00,0.00,0.16,255,255,1.00,0.00,0.00,0.00,0.00,0.00,0.00,0.00,normal.
0,udp,domain_u,SF,42,42,0,0,0,0,0,0,0,0,0,0,0,0,0,0,0,0,11,19,0.00,0.00,0.00,0.00,1.00,0.00,0.16,255,255,1.00,0.00,0.00,0.00,0.00,0.00,0.00,0.00,normal.
0,udp,domain_u,SF,42,42,0,0,0,0,0,0,0,0,0,0,0,0,0,0,0,0,7,11,0.00,0.00,0.00,0.00,1.00,0.00,0.27,255,238,0.93,0.01,0.00,0.00,0.00,0.00,0.00,0.00,normal.
0,udp,domain_u,SF,46,46,0,0,0,0,0,0,0,0,0,0,0,0,0,0,0,0,4,6,0.00,0.00,0.00,0.00,1.00,0.00,0.33,91,88,0.97,0.02,0.02,0.00,0.00,0.00,0.00,0.00,normal.
0,udp,domain_u,SF,32,0,0,0,0,0,0,0,0,0,0,0,0,0,0,0,0,0,1,2,0.00,0.00,0.00,0.00,1.00,0.00,1.00,136,9,0.07,0.05,0.07,0.00,0.00,0.00,0.00,0.00,normal.
0,udp,domain_u,SF,44,73,0,0,0,0,0,0,0,0,0,0,0,0,0,0,0,0,69,149,0.00,0.00,0.00,0.00,1.00,0.00,0.01,255,254,1.00,0.01,0.00,0.00,0.00,0.00,0.00,0.00,normal.
0,udp,domain_u,SF,42,129,0,0,0,0,0,0,0,0,0,0,0,0,0,0,0,0,41,121,0.00,0.00,0.00,0.00,0.98,0.05,0.02,255,215,0.84,0.01,0.00,0.00,0.00,0.00,0.00,0.00,normal.
0,udp,domain_u,SF,45,126,0,0,0,0,0,0,0,0,0,0,0,0,0,0,0,0,170,170,0.00,0.00,0.00,0.00,1.00,0.00,0.00,255,255,1.00,0.00,0.00,0.00,0.00,0.00,0.00,0.00,normal.
0,udp,domain_u,SF,45,127,0,0,0,0,0,0,0,0,0,0,0,0,0,0,0,0,64,129,0.00,0.00,0.00,0.00,1.00,0.00,0.02,255,255,1.00,0.00,0.00,0.00,0.00,0.00,0.00,0.00,normal.
0,udp,domain_u,SF,43,127,0,0,0,0,0,0,0,0,0,0,0,0,0,0,0,0,3,24,0.00,0.00,0.00,0.00,1.00,0.00,0.08,255,252,0.99,0.01,0.00,0.00,0.00,0.00,0.00,0.00,normal.
0,udp,domain_u,SF,44,44,0,0,0,0,0,0,0,0,0,0,0,0,0,0,0,0,16,24,0.00,0.00,0.00,0.00,1.00,0.00,0.17,255,254,1.00,0.01,0.00,0.00,0.00,0.00,0.00,0.00,normal.
0,udp,domain_u,SF,44,44,0,0,0,0,0,0,0,0,0,0,0,0,0,0,0,0,79,159,0.00,0.00,0.00,0.00,1.00,0.00,0.01,255,254,1.00,0.01,0.00,0.00,0.00,0.00,0.00,0.00,normal.
0,udp,domain_u,SF,44,73,0,0,0,0,0,0,0,0,0,0,0,0,0,0,0,0,91,92,0.00,0.00,0.00,0.00,1.00,0.00,0.02,255,254,1.00,0.01,0.00,0.00,0.00,0.00,0.00,0.00,normal.
0,udp,domain_u,SF,36,0,0,0,0,0,0,0,0,0,0,0,0,0,0,0,0,0,1,5,0.00,0.00,0.00,0.00,1.00,0.00,0.80,148,10,0.05,0.05,0.05,0.20,0.00,0.00,0.00,0.00,normal.
0,udp,domain_u,SF,42,42,0,0,0,0,0,0,0,0,0,0,0,0,0,0,0,0,5,8,0.00,0.00,0.00,0.00,1.00,0.00,0.25,255,241,0.95,0.01,0.00,0.00,0.00,0.00,0.00,0.00,normal.
0,udp,domain_u,SF,45,137,0,0,0,0,0,0,0,0,0,0,0,0,0,0,0,0,34,36,0.00,0.00,0.00,0.00,1.00,0.00,0.06,83,212,0.82,0.02,0.82,0.01,0.00,0.00,0.12,0.00,normal.
0,udp,domain_u,SF,42,108,0,0,0,0,0,0,0,0,0,0,0,0,0,0,0,0,1,1,0.00,0.00,0.00,0.00,1.00,0.00,0.00,219,196,0.82,0.01,0.00,0.01,0.00,0.00,0.06,0.00,normal.
0,udp,domain_u,SF,45,135,0,0,0,0,0,0,0,0,0,0,0,0,0,0,0,0,11,91,0.00,0.00,0.00,0.00,1.00,0.00,0.02,255,253,0.99,0.01,0.00,0.00,0.00,0.00,0.00,0.00,normal.
0,udp,domain_u,SF,44,44,0,0,0,0,0,0,0,0,0,0,0,0,0,0,0,0,10,18,0.00,0.00,0.00,0.00,1.00,0.00,0.22,255,255,1.00,0.00,0.00,0.00,0.00,0.00,0.00,0.00,normal.
0,udp,domain_u,SF,43,132,0,0,0,0,0,0,0,0,0,0,0,0,0,0,0,0,113,193,0.00,0.00,0.00,0.00,1.00,0.00,0.01,255,255,1.00,0.00,0.00,0.00,0.00,0.00,0.00,0.00,normal.
0,udp,domain_u,SF,35,0,0,0,0,0,0,0,0,0,0,0,0,0,0,0,0,0,2,4,0.00,0.00,0.00,0.00,1.00,0.00,0.50,64,8,0.12,0.09,0.12,0.00,0.00,0.00,0.00,0.00,normal.
0,udp,domain_u,SF,34,34,0,0,0,0,0,0,0,0,0,0,0,0,0,0,0,0,3,9,0.00,0.00,0.00,0.00,1.00,0.00,0.44,255,255,1.00,0.00,0.00,0.00,0.00,0.00,0.00,0.00,normal.
0,udp,domain_u,SF,29,89,0,0,0,0,0,0,0,0,0,0,0,0,0,0,0,0,2,1,0.00,0.00,0.00,0.00,0.50,1.00,0.00,255,246,0.96,0.01,0.00,0.00,0.00,0.00,0.00,0.00,normal.
0,udp,domain_u,SF,44,115,0,0,0,0,0,0,0,0,0,0,0,0,0,0,0,0,1,2,0.00,0.00,0.00,0.00,1.00,0.00,1.00,255,241,0.95,0.01,0.00,0.00,0.00,0.00,0.00,0.00,normal.
0,udp,domain_u,SF,44,44,0,0,0,0,0,0,0,0,0,0,0,0,0,0,0,0,6,12,0.00,0.00,0.00,0.00,1.00,0.00,0.25,255,255,1.00,0.00,0.01,0.00,0.00,0.00,0.00,0.00,normal.
0,udp,domain_u,SF,44,115,0,0,0,0,0,0,0,0,0,0,0,0,0,0,0,0,1,2,0.00,0.00,0.00,0.00,1.00,0.00,1.00,152,141,0.93,0.01,0.01,0.00,0.00,0.00,0.00,0.00,normal.
0,udp,domain_u,SF,42,42,0,0,0,0,0,0,0,0,0,0,0,0,0,0,0,0,3,5,0.00,0.00,0.00,0.00,1.00,0.00,0.40,168,163,0.97,0.02,0.01,0.00,0.00,0.00,0.00,0.00,normal.
0,udp,domain_u,SF,44,88,0,0,0,0,0,0,0,0,0,0,0,0,0,0,0,0,157,157,0.00,0.00,0.00,0.00,1.00,0.00,0.00,255,166,0.65,0.01,0.00,0.00,0.00,0.00,0.00,0.00,normal.
0,udp,domain_u,SF,36,0,0,0,0,0,0,0,0,0,0,0,0,0,0,0,0,0,1,2,0.00,0.00,0.00,0.00,1.00,0.00,1.00,163,20,0.07,0.04,0.07,0.10,0.00,0.00,0.00,0.00,normal.
0,udp,domain_u,SF,44,131,0,0,0,0,0,0,0,0,0,0,0,0,0,0,0,0,1,67,0.00,0.00,0.00,0.00,1.00,0.00,0.03,227,172,0.76,0.02,0.00,0.00,0.00,0.00,0.00,0.00,normal.
0,udp,domain_u,SF,33,0,0,0,0,0,0,0,0,0,0,0,0,0,0,0,0,0,3,3,0.00,0.00,0.00,0.00,1.00,0.00,0.00,100,68,0.09,0.14,0.09,0.03,0.03,0.00,0.00,0.00,normal.
0,udp,domain_u,SF,43,126,0,0,0,0,0,0,0,0,0,0,0,0,0,0,0,0,157,237,0.00,0.00,0.00,0.00,1.00,0.00,0.01,255,255,1.00,0.00,0.00,0.00,0.00,0.00,0.00,0.00,normal.
0,udp,domain_u,SF,35,95,0,0,0,0,0,0,0,0,0,0,0,0,0,0,0,0,3,10,0.00,0.00,0.00,0.00,0.67,0.67,0.30,53,35,0.66,0.06,0.02,0.00,0.00,0.00,0.00,0.00,normal.
1,udp,domain_u,SF,42,42,0,0,0,0,0,0,0,0,0,0,0,0,0,0,0,0,2,2,0.00,0.00,0.00,0.00,1.00,0.00,0.00,255,233,0.91,0.01,0.01,0.00,0.00,0.00,0.00,0.00,normal.
0,udp,domain_u,SF,42,42,0,0,0,0,0,0,0,0,0,0,0,0,0,0,0,0,12,20,0.00,0.00,0.00,0.00,1.00,0.00,0.20,255,239,0.94,0.01,0.01,0.00,0.00,0.00,0.00,0.00,normal.
1,udp,domain_u,SF,90,45,0,0,0,0,0,0,0,0,0,0,0,0,0,0,0,0,1,1,0.00,0.00,0.00,0.00,1.00,0.00,0.00,57,42,0.74,0.04,0.74,0.00,0.00,0.00,0.00,0.00,normal.
0,udp,domain_u,SF,46,46,0,0,0,0,0,0,0,0,0,0,0,0,0,0,0,0,5,9,0.00,0.00,0.00,0.00,1.00,0.00,0.22,255,255,1.00,0.00,0.00,0.00,0.00,0.00,0.00,0.00,normal.
0,udp,domain_u,SF,32,86,0,0,0,0,0,0,0,0,0,0,0,0,0,0,0,0,1,3,0.00,0.00,0.00,0.00,1.00,0.00,1.00,90,45,0.50,0.04,0.01,0.00,0.00,0.00,0.00,0.00,normal.
0,udp,domain_u,SF,44,44,0,0,0,0,0,0,0,0,0,0,0,0,0,0,0,0,15,22,0.00,0.00,0.00,0.00,1.00,0.00,0.09,255,255,1.00,0.00,0.01,0.00,0.00,0.00,0.00,0.00,normal.
0,udp,domain_u,SF,46,46,0,0,0,0,0,0,0,0,0,0,0,0,0,0,0,0,5,8,0.00,0.00,0.00,0.00,1.00,0.00,0.38,255,255,1.00,0.00,0.01,0.00,0.00,0.00,0.00,0.00,normal.
0,udp,domain_u,SF,42,42,0,0,0,0,0,0,0,0,0,0,0,0,0,0,0,0,6,12,0.00,0.00,0.00,0.00,1.00,0.00,0.25,255,245,0.96,0.01,0.00,0.00,0.00,0.00,0.00,0.00,normal.
0,udp,domain_u,SF,45,45,0,0,0,0,0,0,0,0,0,0,0,0,0,0,0,0,114,114,0.00,0.00,0.00,0.00,1.00,0.00,0.00,255,255,1.00,0.00,0.00,0.00,0.00,0.00,0.00,0.00,normal.
0,udp,domain_u,SF,45,74,0,0,0,0,0,0,0,0,0,0,0,0,0,0,0,0,263,263,0.00,0.00,0.00,0.00,1.00,0.00,0.00,255,254,1.00,0.01,0.00,0.00,0.00,0.00,0.00,0.00,normal.
0,udp,domain_u,SF,42,42,0,0,0,0,0,0,0,0,0,0,0,0,0,0,0,0,5,10,0.00,0.00,0.00,0.00,0.80,0.40,0.40,255,73,0.29,0.01,0.00,0.00,0.00,0.00,0.00,0.00,normal.
0,udp,domain_u,SF,42,42,0,0,0,0,0,0,0,0,0,0,0,0,0,0,0,0,4,9,0.00,0.00,0.00,0.00,1.00,0.00,0.33,255,249,0.98,0.01,0.00,0.00,0.00,0.00,0.00,0.00,normal.
0,udp,domain_u,SF,45,74,0,0,0,0,0,0,0,0,0,0,0,0,0,0,0,0,2,2,0.00,0.00,0.00,0.00,1.00,0.00,0.00,255,249,0.98,0.01,0.00,0.00,0.00,0.00,0.00,0.00,normal.
0,udp,domain_u,SF,33,0,0,0,0,0,0,0,0,0,0,0,0,0,0,0,0,0,1,1,0.00,0.00,0.00,0.00,1.00,0.00,0.00,181,41,0.12,0.04,0.12,0.05,0.00,0.00,0.00,0.00,normal.
0,udp,domain_u,SF,40,52,0,0,0,0,0,0,0,0,0,0,0,0,0,0,0,0,2,2,0.00,0.00,0.00,0.00,1.00,0.00,0.00,255,247,0.97,0.01,0.05,0.00,0.00,0.00,0.00,0.00,normal.
0,udp,domain_u,SF,45,132,0,0,0,0,0,0,0,0,0,0,0,0,0,0,0,0,240,316,0.00,0.00,0.00,0.00,1.00,0.00,0.01,255,253,0.99,0.01,0.00,0.00,0.00,0.00,0.00,0.00,normal.
0,udp,domain_u,SF,45,128,0,0,0,0,0,0,0,0,0,0,0,0,0,0,0,0,71,143,0.00,0.00,0.00,0.00,1.00,0.00,0.01,255,255,1.00,0.00,0.00,0.00,0.00,0.00,0.00,0.00,normal.
0,udp,domain_u,SF,42,42,0,0,0,0,0,0,0,0,0,0,0,0,0,0,0,0,6,11,0.00,0.00,0.00,0.00,1.00,0.00,0.27,218,212,0.97,0.01,0.00,0.00,0.00,0.00,0.00,0.00,normal.
0,udp,domain_u,SF,46,46,0,0,0,0,0,0,0,0,0,0,0,0,0,0,0,0,12,17,0.00,0.00,0.00,0.00,1.00,0.00,0.12,255,254,1.00,0.01,0.00,0.00,0.00,0.00,0.00,0.00,normal.
0,udp,domain_u,SF,36,0,0,0,0,0,0,0,0,0,0,0,0,0,0,0,0,0,11,11,0.00,0.00,0.00,0.00,1.00,0.00,0.00,89,255,1.00,0.00,1.00,0.01,0.00,0.00,0.00,0.00,normal.
0,udp,domain_u,SF,33,93,0,0,0,0,0,0,0,0,0,0,0,0,0,0,0,0,1,1,0.00,0.00,0.00,0.00,1.00,0.00,0.00,131,197,0.78,0.02,0.78,0.01,0.00,0.00,0.11,0.00,normal.
0,udp,domain_u,SF,44,120,0,0,0,0,0,0,0,0,0,0,0,0,0,0,0,0,12,13,0.00,0.00,0.00,0.00,1.00,0.00,0.15,255,183,0.72,0.01,0.00,0.00,0.00,0.00,0.00,0.00,normal.
0,udp,domain_u,SF,44,139,0,0,0,0,0,0,0,0,0,0,0,0,0,0,0,0,73,153,0.00,0.00,0.00,0.00,1.00,0.00,0.01,229,179,0.78,0.01,0.00,0.00,0.00,0.00,0.00,0.00,normal.
0,udp,domain_u,SF,34,34,0,0,0,0,0,0,0,0,0,0,0,0,0,0,0,0,2,3,0.00,0.00,0.00,0.00,1.00,0.00,0.67,255,252,0.99,0.01,0.00,0.00,0.00,0.00,0.00,0.00,normal.
0,udp,domain_u,SF,34,34,0,0,0,0,0,0,0,0,0,0,0,0,0,0,0,0,2,3,0.00,0.00,0.00,0.00,1.00,0.00,0.67,255,252,0.99,0.01,0.00,0.00,0.00,0.00,0.00,0.00,normal.
0,udp,domain_u,SF,44,132,0,0,0,0,0,0,0,0,0,0,0,0,0,0,0,0,77,157,0.00,0.00,0.00,0.00,1.00,0.00,0.01,255,240,0.94,0.01,0.00,0.00,0.00,0.00,0.00,0.00,normal.
0,udp,domain_u,SF,43,107,0,0,0,0,0,0,0,0,0,0,0,0,0,0,0,0,1,2,0.00,0.00,0.00,0.00,1.00,0.00,1.00,255,252,0.99,0.01,0.00,0.00,0.00,0.00,0.00,0.00,normal.
0,udp,domain_u,SF,33,0,0,0,0,0,0,0,0,0,0,0,0,0,0,0,0,0,1,3,0.00,0.00,0.00,0.00,1.00,0.00,0.67,177,17,0.10,0.04,0.10,0.00,0.01,0.00,0.00,0.00,normal.
0,udp,domain_u,SF,44,70,0,0,0,0,0,0,0,0,0,0,0,0,0,0,0,0,234,234,0.00,0.00,0.00,0.00,1.00,0.00,0.00,255,227,0.89,0.01,0.00,0.00,0.00,0.00,0.00,0.00,normal.
8,udp,domain_u,SF,93,41,0,0,0,0,0,0,0,0,0,0,0,0,0,0,0,0,1,1,0.00,0.00,0.00,0.00,1.00,0.00,0.00,89,89,1.00,0.00,1.00,0.00,0.00,0.00,0.00,0.00,normal.
0,udp,domain_u,SF,33,0,0,0,0,0,0,0,0,0,0,0,0,0,0,0,0,0,1,2,0.00,0.00,0.00,0.00,1.00,0.00,1.00,122,9,0.07,0.07,0.07,0.00,0.00,0.00,0.00,0.00,normal.
0,udp,domain_u,SF,44,44,0,0,0,0,0,0,0,0,0,0,0,0,0,0,0,0,85,165,0.00,0.00,0.00,0.00,0.99,0.02,0.01,255,254,1.00,0.01,0.01,0.00,0.00,0.00,0.00,0.00,normal.
0,udp,domain_u,SF,45,87,0,0,0,0,0,0,0,0,0,0,0,0,0,0,0,0,49,106,0.00,0.00,0.00,0.00,1.00,0.00,0.02,255,254,1.00,0.01,0.00,0.00,0.00,0.00,0.00,0.00,normal.
0,udp,domain_u,SF,45,127,0,0,0,0,0,0,0,0,0,0,0,0,0,0,0,0,63,143,0.00,0.00,0.00,0.00,1.00,0.00,0.01,255,253,0.99,0.01,0.00,0.00,0.00,0.00,0.00,0.00,normal.
0,udp,domain_u,SF,42,42,0,0,0,0,0,0,0,0,0,0,0,0,0,0,0,0,9,16,0.00,0.00,0.00,0.00,1.00,0.00,0.12,255,255,1.00,0.00,0.00,0.00,0.00,0.00,0.00,0.00,normal.
0,udp,domain_u,SF,45,45,0,0,0,0,0,0,0,0,0,0,0,0,0,0,0,0,127,127,0.00,0.00,0.00,0.00,1.00,0.00,0.00,255,179,0.70,0.01,0.00,0.00,0.00,0.00,0.00,0.00,normal.
0,udp,domain_u,SF,46,112,0,0,0,0,0,0,0,0,0,0,0,0,0,0,0,0,1,1,0.00,0.00,0.00,0.00,1.00,0.00,0.00,255,250,0.98,0.01,0.01,0.00,0.00,0.00,0.00,0.00,normal.
0,udp,domain_u,SF,45,126,0,0,0,0,0,0,0,0,0,0,0,0,0,0,0,0,46,99,0.00,0.00,0.00,0.00,1.00,0.00,0.02,255,254,1.00,0.01,0.00,0.00,0.00,0.00,0.00,0.00,normal.
0,udp,domain_u,SF,44,133,0,0,0,0,0,0,0,0,0,0,0,0,0,0,0,0,69,149,0.00,0.00,0.00,0.00,1.00,0.00,0.01,255,254,1.00,0.01,0.00,0.00,0.00,0.00,0.00,0.00,normal.
0,udp,domain_u,SF,44,115,0,0,0,0,0,0,0,0,0,0,0,0,0,0,0,0,1,2,0.00,0.00,0.00,0.00,1.00,0.00,1.00,255,235,0.92,0.01,0.00,0.00,0.00,0.00,0.00,0.00,normal.
0,udp,domain_u,SF,43,131,0,0,0,0,0,0,0,0,0,0,0,0,0,0,0,0,43,111,0.00,0.00,0.00,0.00,1.00,0.00,0.02,199,149,0.75,0.01,0.01,0.00,0.00,0.00,0.00,0.00,normal.
0,udp,domain_u,SF,35,35,0,0,0,0,0,0,0,0,0,0,0,0,0,0,0,0,18,37,0.00,0.00,0.00,0.00,1.00,0.00,0.08,255,255,1.00,0.00,0.00,0.00,0.00,0.00,0.00,0.00,normal.
0,udp,domain_u,SF,42,42,0,0,0,0,0,0,0,0,0,0,0,0,0,0,0,0,9,15,0.00,0.00,0.00,0.00,1.00,0.00,0.13,255,243,0.95,0.01,0.00,0.00,0.00,0.00,0.00,0.00,normal.
0,udp,domain_u,SF,33,0,0,0,0,0,0,0,0,0,0,0,0,0,0,0,0,0,1,2,0.00,0.00,0.00,0.00,1.00,0.00,1.00,255,15,0.06,0.10,0.06,0.00,0.02,0.00,0.00,0.00,normal.
0,udp,domain_u,SF,46,46,0,0,0,0,0,0,0,0,0,0,0,0,0,0,0,0,12,18,0.00,0.00,0.00,0.00,1.00,0.00,0.11,255,254,1.00,0.01,0.00,0.00,0.00,0.00,0.00,0.00,normal.
0,udp,domain_u,SF,46,46,0,0,0,0,0,0,0,0,0,0,0,0,0,0,0,0,12,18,0.00,0.00,0.00,0.00,1.00,0.00,0.11,255,254,1.00,0.01,0.00,0.00,0.00,0.00,0.00,0.00,normal.
0,udp,domain_u,SF,34,0,0,0,0,0,0,0,0,0,0,0,0,0,0,0,0,0,1,4,0.00,0.00,0.00,0.00,1.00,0.00,0.50,48,28,0.06,0.10,0.06,0.07,0.00,0.00,0.00,0.00,normal.
0,udp,domain_u,SF,44,136,0,0,0,0,0,0,0,0,0,0,0,0,0,0,0,0,3,5,0.00,0.00,0.00,0.00,1.00,0.00,0.40,255,255,1.00,0.00,0.00,0.00,0.00,0.00,0.00,0.00,normal.
1295,udp,domain_u,SF,97,28,0,0,0,0,0,0,0,0,0,0,0,0,0,0,0,0,4,4,0.00,0.00,0.00,0.00,1.00,0.00,0.00,139,103,0.74,0.02,0.71,0.00,0.00,0.00,0.00,0.00,normal.
0,udp,domain_u,SF,45,135,0,0,0,0,0,0,0,0,0,0,0,0,0,0,0,0,103,183,0.00,0.00,0.00,0.00,1.00,0.00,0.01,255,255,1.00,0.00,0.00,0.00,0.00,0.00,0.00,0.00,normal.
0,udp,domain_u,SF,46,46,0,0,0,0,0,0,0,0,0,0,0,0,0,0,0,0,11,20,0.00,0.00,0.00,0.00,1.00,0.00,0.10,255,255,1.00,0.00,0.00,0.00,0.00,0.00,0.00,0.00,normal.
0,udp,domain_u,SF,43,74,0,0,0,0,0,0,0,0,0,0,0,0,0,0,0,0,74,74,0.00,0.00,0.00,0.00,1.00,0.00,0.00,230,190,0.83,0.01,0.00,0.00,0.00,0.00,0.00,0.00,normal.
0,udp,domain_u,SF,42,42,0,0,0,0,0,0,0,0,0,0,0,0,0,0,0,0,6,11,0.00,0.00,0.00,0.00,1.00,0.00,0.18,255,250,0.98,0.01,0.01,0.00,0.00,0.00,0.00,0.00,normal.
0,udp,domain_u,SF,36,101,0,0,0,0,0,0,0,0,0,0,0,0,0,0,0,0,1,1,0.00,0.00,0.00,0.00,1.00,0.00,0.00,255,202,0.79,0.01,0.00,0.00,0.00,0.00,0.00,0.00,normal.
0,udp,domain_u,SF,30,30,0,0,0,0,0,0,0,0,0,0,0,0,0,0,0,0,2,3,0.00,0.00,0.00,0.00,1.00,0.00,0.67,63,233,0.71,0.03,0.71,0.01,0.02,0.00,0.13,0.00,normal.
0,udp,domain_u,SF,43,132,0,0,0,0,0,0,0,0,0,0,0,0,0,0,0,0,2,4,0.00,0.00,0.00,0.00,1.00,0.00,0.50,255,255,1.00,0.00,0.00,0.00,0.00,0.00,0.00,0.00,normal.
0,udp,domain_u,SF,44,133,0,0,0,0,0,0,0,0,0,0,0,0,0,0,0,0,60,140,0.00,0.00,0.00,0.00,1.00,0.00,0.01,255,234,0.92,0.02,0.00,0.00,0.00,0.00,0.00,0.00,normal.
20,udp,domain_u,SF,42,42,0,0,0,0,0,0,0,0,0,0,0,0,0,0,0,0,1,1,0.00,0.00,0.00,0.00,1.00,0.00,0.00,255,245,0.96,0.01,0.01,0.00,0.00,0.00,0.00,0.00,normal.
0,udp,domain_u,SF,44,85,0,0,0,0,0,0,0,0,0,0,0,0,0,0,0,0,112,113,0.00,0.00,0.00,0.00,1.00,0.00,0.02,255,254,1.00,0.01,0.00,0.00,0.00,0.00,0.00,0.00,normal.
0,udp,domain_u,SF,46,46,0,0,0,0,0,0,0,0,0,0,0,0,0,0,0,0,4,6,0.00,0.00,0.00,0.00,1.00,0.00,0.33,255,252,0.99,0.01,0.01,0.00,0.00,0.00,0.00,0.00,normal.
0,udp,domain_u,SF,91,0,0,0,0,0,0,0,0,0,0,0,0,0,0,0,0,0,1,1,0.00,0.00,0.00,0.00,1.00,0.00,0.00,17,13,0.76,0.12,0.76,0.00,0.00,0.00,0.00,0.00,normal.
0,udp,domain_u,SF,104,0,0,0,0,0,0,0,0,0,0,0,0,0,0,0,0,0,1,2,0.00,0.00,0.00,0.00,1.00,0.00,1.00,35,35,1.00,0.00,1.00,0.00,0.00,0.00,0.00,0.00,normal.
0,udp,domain_u,SF,46,46,0,0,0,0,0,0,0,0,0,0,0,0,0,0,0,0,10,17,0.00,0.00,0.00,0.00,1.00,0.00,0.24,255,255,1.00,0.00,0.00,0.00,0.00,0.00,0.00,0.00,normal.
0,udp,domain_u,SF,51,101,0,0,0,0,0,0,0,0,0,0,0,0,0,0,0,0,2,2,0.00,0.00,0.00,0.00,1.00,0.00,0.00,17,28,1.00,0.00,1.00,0.07,0.00,0.00,0.00,0.00,normal.
0,udp,domain_u,SF,46,46,0,0,0,0,0,0,0,0,0,0,0,0,0,0,0,0,18,28,0.00,0.00,0.00,0.00,1.00,0.00,0.11,255,255,1.00,0.00,0.00,0.00,0.00,0.00,0.00,0.00,normal.
0,udp,domain_u,SF,33,0,0,0,0,0,0,0,0,0,0,0,0,0,0,0,0,0,1,1,0.00,0.00,0.00,0.00,1.00,0.00,0.00,255,1,0.00,0.70,0.00,0.00,0.00,0.00,0.00,0.00,normal.
0,udp,domain_u,SF,43,114,0,0,0,0,0,0,0,0,0,0,0,0,0,0,0,0,79,79,0.00,0.00,0.00,0.00,1.00,0.00,0.00,255,254,1.00,0.01,0.00,0.00,0.00,0.00,0.00,0.00,normal.
0,udp,domain_u,SF,44,127,0,0,0,0,0,0,0,0,0,0,0,0,0,0,0,0,69,148,0.00,0.00,0.00,0.00,1.00,0.00,0.01,180,214,0.91,0.01,0.91,0.01,0.00,0.00,0.05,0.00,normal.
0,udp,domain_u,SF,29,0,0,0,0,0,0,0,0,0,0,0,0,0,0,0,0,0,1,1,0.00,0.00,0.00,0.00,1.00,0.00,0.00,89,17,0.19,0.04,0.19,0.00,0.01,0.00,0.00,0.00,normal.
0,udp,domain_u,SF,36,92,0,0,0,0,0,0,0,0,0,0,0,0,0,0,0,0,1,7,0.00,0.00,0.00,0.00,1.00,0.00,0.71,255,253,0.99,0.01,0.01,0.00,0.00,0.00,0.00,0.00,normal.
0,udp,domain_u,SF,45,111,0,0,0,0,0,0,0,0,0,0,0,0,0,0,0,0,1,5,0.00,0.00,0.00,0.00,1.00,0.00,0.60,255,247,0.97,0.01,0.00,0.00,0.00,0.00,0.00,0.00,normal.
0,udp,domain_u,SF,42,42,0,0,0,0,0,0,0,0,0,0,0,0,0,0,0,0,3,5,0.00,0.00,0.00,0.00,1.00,0.00,0.40,138,133,0.96,0.02,0.01,0.00,0.00,0.00,0.00,0.00,normal.
19,udp,domain_u,SF,42,42,0,0,0,0,0,0,0,0,0,0,0,0,0,0,0,0,3,9,0.00,0.00,0.00,0.00,1.00,0.00,0.33,255,224,0.88,0.01,0.01,0.00,0.00,0.00,0.00,0.00,normal.
0,udp,domain_u,SF,46,124,0,0,0,0,0,0,0,0,0,0,0,0,0,0,0,0,81,82,0.00,0.00,0.00,0.00,1.00,0.00,0.02,255,254,1.00,0.01,0.00,0.00,0.00,0.00,0.00,0.00,normal.
0,udp,domain_u,SF,44,137,0,0,0,0,0,0,0,0,0,0,0,0,0,0,0,0,9,89,0.00,0.00,0.00,0.00,1.00,0.00,0.02,255,255,1.00,0.00,0.00,0.00,0.00,0.00,0.00,0.00,normal.
0,udp,domain_u,SF,42,42,0,0,0,0,0,0,0,0,0,0,0,0,0,0,0,0,5,9,0.00,0.00,0.00,0.00,1.00,0.00,0.33,255,236,0.93,0.01,0.00,0.00,0.00,0.00,0.00,0.00,normal.
0,udp,domain_u,SF,42,42,0,0,0,0,0,0,0,0,0,0,0,0,0,0,0,0,132,212,0.00,0.00,0.00,0.00,1.00,0.00,0.01,255,255,1.00,0.00,0.01,0.00,0.00,0.00,0.00,0.00,normal.
0,udp,domain_u,SF,44,71,0,0,0,0,0,0,0,0,0,0,0,0,0,0,0,0,16,16,0.00,0.00,0.00,0.00,1.00,0.00,0.00,175,155,0.89,0.01,0.01,0.00,0.00,0.00,0.00,0.00,normal.
0,udp,domain_u,SF,42,42,0,0,0,0,0,0,0,0,0,0,0,0,0,0,0,0,14,22,0.00,0.00,0.00,0.00,1.00,0.00,0.14,255,239,0.94,0.01,0.01,0.00,0.00,0.00,0.00,0.00,normal.
0,udp,domain_u,SF,42,42,0,0,0,0,0,0,0,0,0,0,0,0,0,0,0,0,4,7,0.00,0.00,0.00,0.00,1.00,0.00,0.57,255,253,0.99,0.01,0.00,0.00,0.00,0.00,0.00,0.00,normal.
0,udp,domain_u,SF,102,0,0,0,0,0,0,0,0,0,0,0,0,0,0,0,0,0,2,1,0.00,0.00,0.00,0.00,0.50,1.00,0.00,255,19,0.07,0.01,0.07,0.00,0.00,0.00,0.00,0.00,normal.
0,udp,domain_u,SF,35,100,0,0,0,0,0,0,0,0,0,0,0,0,0,0,0,0,2,2,0.00,0.00,0.00,0.00,1.00,0.00,0.00,226,217,0.96,0.01,0.00,0.00,0.00,0.00,0.00,0.00,normal.
0,udp,domain_u,SF,33,0,0,0,0,0,0,0,0,0,0,0,0,0,0,0,0,0,1,2,0.00,0.00,0.00,0.00,1.00,0.00,1.00,45,3,0.07,0.07,0.07,0.00,0.00,0.00,0.00,0.00,normal.
0,udp,domain_u,SF,43,134,0,0,0,0,0,0,0,0,0,0,0,0,0,0,0,0,72,150,0.00,0.00,0.00,0.00,1.00,0.00,0.01,255,237,0.93,0.01,0.00,0.00,0.00,0.00,0.00,0.00,normal.
12,udp,domain_u,SF,42,42,0,0,0,0,0,0,0,0,0,0,0,0,0,0,0,0,3,3,0.00,0.00,0.00,0.00,1.00,0.00,0.00,255,247,0.97,0.01,0.01,0.00,0.00,0.00,0.00,0.00,normal.
0,udp,domain_u,SF,42,42,0,0,0,0,0,0,0,0,0,0,0,0,0,0,0,0,7,11,0.00,0.00,0.00,0.00,1.00,0.00,0.27,255,245,0.96,0.01,0.00,0.00,0.00,0.00,0.00,0.00,normal.
0,udp,domain_u,SF,44,117,0,0,0,0,0,0,0,0,0,0,0,0,0,0,0,0,171,171,0.00,0.00,0.00,0.00,1.00,0.00,0.00,255,255,1.00,0.00,0.00,0.00,0.00,0.00,0.00,0.00,normal.
0,udp,domain_u,SF,30,30,0,0,0,0,0,0,0,0,0,0,0,0,0,0,0,0,1,3,0.00,0.00,0.00,0.00,1.00,0.00,1.00,255,239,0.94,0.01,0.00,0.00,0.00,0.00,0.00,0.00,normal.
0,udp,domain_u,SF,44,131,0,0,0,0,0,0,0,0,0,0,0,0,0,0,0,0,39,105,0.00,0.00,0.00,0.00,1.00,0.00,0.02,255,255,1.00,0.00,0.00,0.00,0.00,0.00,0.00,0.00,normal.
0,udp,domain_u,SF,46,112,0,0,0,0,0,0,0,0,0,0,0,0,0,0,0,0,2,2,0.00,0.00,0.00,0.00,1.00,0.00,0.00,178,212,1.00,0.00,1.00,0.01,0.00,0.00,0.00,0.00,normal.
0,udp,domain_u,SF,42,42,0,0,0,0,0,0,0,0,0,0,0,0,0,0,0,0,6,11,0.00,0.00,0.00,0.00,1.00,0.00,0.18,255,244,0.96,0.01,0.00,0.00,0.00,0.00,0.00,0.00,normal.
0,udp,domain_u,SF,34,94,0,0,0,0,0,0,0,0,0,0,0,0,0,0,0,0,1,1,0.00,0.00,0.00,0.00,1.00,0.00,0.00,255,249,0.98,0.01,0.01,0.00,0.00,0.00,0.00,0.00,normal.
0,udp,domain_u,SF,42,42,0,0,0,0,0,0,0,0,0,0,0,0,0,0,0,0,4,5,0.00,0.00,0.00,0.00,0.75,0.50,0.60,89,85,0.96,0.03,0.01,0.00,0.00,0.00,0.00,0.00,normal.
0,udp,domain_u,SF,46,137,0,0,0,0,0,0,0,0,0,0,0,0,0,0,0,0,61,142,0.00,0.00,0.00,0.00,1.00,0.00,0.01,255,211,0.83,0.02,0.00,0.00,0.00,0.00,0.00,0.00,normal.
0,udp,domain_u,SF,44,110,0,0,0,0,0,0,0,0,0,0,0,0,0,0,0,0,1,1,0.00,0.00,0.00,0.00,1.00,0.00,0.00,255,247,0.97,0.01,0.01,0.00,0.00,0.00,0.00,0.00,normal.
0,udp,domain_u,SF,37,97,0,0,0,0,0,0,0,0,0,0,0,0,0,0,0,0,1,2,0.00,0.00,0.00,0.00,1.00,0.00,1.00,149,88,0.59,0.02,0.01,0.00,0.00,0.00,0.00,0.00,normal.
0,udp,domain_u,SF,29,89,0,0,0,0,0,0,0,0,0,0,0,0,0,0,0,0,1,1,0.00,0.00,0.00,0.00,1.00,0.00,0.00,211,199,0.94,0.01,0.00,0.00,0.00,0.00,0.00,0.00,normal.
0,udp,domain_u,SF,45,73,0,0,0,0,0,0,0,0,0,0,0,0,0,0,0,0,73,76,0.00,0.00,0.00,0.00,1.00,0.00,0.04,255,224,0.88,0.01,0.00,0.00,0.00,0.00,0.00,0.00,normal.
0,udp,domain_u,SF,43,133,0,0,0,0,0,0,0,0,0,0,0,0,0,0,0,0,36,89,0.00,0.00,0.00,0.00,1.00,0.00,0.02,255,254,1.00,0.01,0.00,0.00,0.00,0.00,0.00,0.00,normal.
0,udp,domain_u,SF,45,111,0,0,0,0,0,0,0,0,0,0,0,0,0,0,0,0,21,23,0.00,0.00,0.00,0.00,1.00,0.00,0.13,141,76,0.54,0.03,0.01,0.00,0.00,0.00,0.00,0.00,normal.
0,udp,domain_u,SF,88,0,0,0,0,0,0,0,0,0,0,0,0,0,0,0,0,0,2,4,0.00,0.00,0.00,0.00,1.00,0.00,0.50,255,255,1.00,0.00,0.07,0.00,0.00,0.00,0.00,0.00,normal.
9,udp,domain_u,SF,42,42,0,0,0,0,0,0,0,0,0,0,0,0,0,0,0,0,2,4,0.00,0.00,0.00,0.00,1.00,0.00,0.75,255,247,0.97,0.01,0.00,0.00,0.00,0.00,0.00,0.00,normal.
0,udp,domain_u,SF,42,42,0,0,0,0,0,0,0,0,0,0,0,0,0,0,0,0,4,7,0.00,0.00,0.00,0.00,1.00,0.00,0.43,255,162,0.64,0.01,0.00,0.00,0.00,0.00,0.00,0.00,normal.
0,udp,domain_u,SF,33,0,0,0,0,0,0,0,0,0,0,0,0,0,0,0,0,0,1,2,0.00,0.00,0.00,0.00,1.00,0.00,1.00,180,18,0.10,0.03,0.10,0.00,0.01,0.00,0.00,0.00,normal.
0,udp,domain_u,SF,29,0,0,0,0,0,0,0,0,0,0,0,0,0,0,0,0,0,1,2,0.00,0.00,0.00,0.00,1.00,0.00,1.00,223,25,0.11,0.03,0.11,0.00,0.01,0.00,0.00,0.00,normal.
0,udp,domain_u,SF,43,43,0,0,0,0,0,0,0,0,0,0,0,0,0,0,0,0,120,200,0.00,0.00,0.00,0.00,1.00,0.00,0.01,255,255,1.00,0.00,0.01,0.00,0.00,0.00,0.00,0.00,normal.
0,udp,domain_u,SF,43,129,0,0,0,0,0,0,0,0,0,0,0,0,0,0,0,0,21,101,0.00,0.00,0.00,0.00,1.00,0.00,0.02,135,104,0.77,0.01,0.01,0.00,0.00,0.00,0.00,0.00,normal.
0,udp,domain_u,SF,100,0,0,0,0,0,0,0,0,0,0,0,0,0,0,0,0,0,1,2,0.00,0.00,0.00,0.00,1.00,0.00,1.00,255,255,1.00,0.00,0.05,0.00,0.00,0.00,0.00,0.00,normal.
0,udp,domain_u,SF,33,0,0,0,0,0,0,0,0,0,0,0,0,0,0,0,0,0,1,2,0.00,0.00,0.00,0.00,1.00,0.00,1.00,234,18,0.08,0.03,0.08,0.00,0.00,0.00,0.00,0.00,normal.
0,udp,domain_u,SF,29,89,0,0,0,0,0,0,0,0,0,0,0,0,0,0,0,0,2,6,0.00,0.00,0.00,0.00,0.50,1.00,0.50,69,43,0.62,0.04,0.01,0.00,0.00,0.00,0.00,0.00,normal.
0,udp,domain_u,SF,46,78,0,0,0,0,0,0,0,0,0,0,0,0,0,0,0,0,64,64,0.00,0.00,0.00,0.00,1.00,0.00,0.00,135,116,0.86,0.01,0.01,0.00,0.00,0.00,0.00,0.00,normal.
0,udp,domain_u,SF,42,42,0,0,0,0,0,0,0,0,0,0,0,0,0,0,0,0,3,5,0.00,0.00,0.00,0.00,1.00,0.00,0.40,255,255,1.00,0.00,0.00,0.00,0.00,0.00,0.00,0.00,normal.
0,udp,domain_u,SF,42,42,0,0,0,0,0,0,0,0,0,0,0,0,0,0,0,0,3,5,0.00,0.00,0.00,0.00,1.00,0.00,0.40,255,255,1.00,0.00,0.00,0.00,0.00,0.00,0.00,0.00,normal.
0,udp,domain_u,SF,42,42,0,0,0,0,0,0,0,0,0,0,0,0,0,0,0,0,3,5,0.00,0.00,0.00,0.00,1.00,0.00,0.40,255,255,1.00,0.00,0.00,0.00,0.00,0.00,0.00,0.00,normal.
0,udp,domain_u,SF,42,42,0,0,0,0,0,0,0,0,0,0,0,0,0,0,0,0,3,5,0.00,0.00,0.00,0.00,1.00,0.00,0.40,255,255,1.00,0.00,0.00,0.00,0.00,0.00,0.00,0.00,normal.
0,udp,domain_u,SF,42,42,0,0,0,0,0,0,0,0,0,0,0,0,0,0,0,0,3,5,0.00,0.00,0.00,0.00,1.00,0.00,0.40,255,255,1.00,0.00,0.00,0.00,0.00,0.00,0.00,0.00,normal.
0,udp,domain_u,SF,42,42,0,0,0,0,0,0,0,0,0,0,0,0,0,0,0,0,3,5,0.00,0.00,0.00,0.00,1.00,0.00,0.40,255,255,1.00,0.00,0.00,0.00,0.00,0.00,0.00,0.00,normal.
0,udp,domain_u,SF,42,42,0,0,0,0,0,0,0,0,0,0,0,0,0,0,0,0,3,5,0.00,0.00,0.00,0.00,1.00,0.00,0.40,255,255,1.00,0.00,0.00,0.00,0.00,0.00,0.00,0.00,normal.
0,udp,domain_u,SF,29,45,0,0,0,0,0,0,0,0,0,0,0,0,0,0,0,0,3,5,0.00,0.00,0.00,0.00,1.00,0.00,0.40,255,250,0.98,0.01,0.01,0.00,0.00,0.00,0.00,0.00,normal.
0,udp,domain_u,SF,44,72,0,0,0,0,0,0,0,0,0,0,0,0,0,0,0,0,173,173,0.00,0.00,0.00,0.00,1.00,0.00,0.00,255,234,0.92,0.01,0.00,0.00,0.00,0.00,0.00,0.00,normal.
0,udp,domain_u,SF,34,91,0,0,0,0,0,0,0,0,0,0,0,0,0,0,0,0,2,3,0.00,0.00,0.00,0.00,0.50,1.00,1.00,10,7,0.70,0.20,0.10,0.00,0.00,0.00,0.00,0.00,normal.
0,udp,domain_u,SF,46,46,0,0,0,0,0,0,0,0,0,0,0,0,0,0,0,0,7,12,0.00,0.00,0.00,0.00,1.00,0.00,0.25,255,254,1.00,0.01,0.00,0.00,0.00,0.00,0.00,0.00,normal.
0,udp,domain_u,SF,42,42,0,0,0,0,0,0,0,0,0,0,0,0,0,0,0,0,4,12,0.00,0.00,0.00,0.00,1.00,0.00,0.17,255,247,0.97,0.01,0.00,0.00,0.00,0.00,0.00,0.00,normal.
0,udp,domain_u,SF,42,42,0,0,0,0,0,0,0,0,0,0,0,0,0,0,0,0,17,24,0.00,0.00,0.00,0.00,1.00,0.00,0.12,255,236,0.93,0.01,0.00,0.00,0.00,0.00,0.00,0.00,normal.
0,udp,domain_u,SF,102,0,0,0,0,0,0,0,0,0,0,0,0,0,0,0,0,0,1,2,0.00,0.00,0.00,0.00,1.00,0.00,1.00,35,24,0.69,0.06,0.63,0.00,0.00,0.00,0.00,0.00,normal.
0,udp,domain_u,SF,42,42,0,0,0,0,0,0,0,0,0,0,0,0,0,0,0,0,9,16,0.00,0.00,0.00,0.00,1.00,0.00,0.19,255,255,1.00,0.00,0.00,0.00,0.00,0.00,0.00,0.00,normal.
0,udp,domain_u,SF,42,108,0,0,0,0,0,0,0,0,0,0,0,0,0,0,0,0,1,1,0.00,0.00,0.00,0.00,1.00,0.00,0.00,5,234,0.40,0.40,0.40,0.01,0.00,0.00,0.20,0.00,normal.
0,udp,domain_u,SF,46,46,0,0,0,0,0,0,0,0,0,0,0,0,0,0,0,0,10,19,0.00,0.00,0.00,0.00,1.00,0.00,0.11,255,255,1.00,0.00,0.01,0.00,0.00,0.00,0.00,0.00,normal.
0,udp,domain_u,SF,42,42,0,0,0,0,0,0,0,0,0,0,0,0,0,0,0,0,8,16,0.00,0.00,0.00,0.00,1.00,0.00,0.31,255,229,0.90,0.01,0.01,0.00,0.00,0.00,0.00,0.00,normal.
0,udp,domain_u,SF,46,134,0,0,0,0,0,0,0,0,0,0,0,0,0,0,0,0,51,131,0.00,0.00,0.00,0.00,1.00,0.00,0.02,165,134,0.81,0.01,0.01,0.00,0.00,0.00,0.00,0.00,normal.
0,udp,domain_u,SF,43,43,0,0,0,0,0,0,0,0,0,0,0,0,0,0,0,0,130,210,0.00,0.00,0.00,0.00,1.00,0.00,0.01,255,255,1.00,0.00,0.01,0.00,0.00,0.00,0.00,0.00,normal.
0,udp,domain_u,SF,42,42,0,0,0,0,0,0,0,0,0,0,0,0,0,0,0,0,9,17,0.00,0.00,0.00,0.00,1.00,0.00,0.41,255,228,0.89,0.01,0.00,0.00,0.00,0.00,0.00,0.00,normal.
0,udp,domain_u,SF,43,138,0,0,0,0,0,0,0,0,0,0,0,0,0,0,0,0,6,34,0.00,0.00,0.00,0.00,1.00,0.00,0.06,66,210,0.79,0.03,0.79,0.01,0.00,0.00,0.17,0.00,normal.
0,udp,domain_u,SF,42,81,0,0,0,0,0,0,0,0,0,0,0,0,0,0,0,0,39,96,0.00,0.00,0.00,0.00,1.00,0.00,0.02,255,254,1.00,0.01,0.00,0.00,0.00,0.00,0.00,0.00,normal.
0,udp,domain_u,SF,45,124,0,0,0,0,0,0,0,0,0,0,0,0,0,0,0,0,77,77,0.00,0.00,0.00,0.00,1.00,0.00,0.00,255,255,1.00,0.00,0.00,0.00,0.00,0.00,0.00,0.00,normal.
0,udp,domain_u,SF,45,76,0,0,0,0,0,0,0,0,0,0,0,0,0,0,0,0,36,36,0.00,0.00,0.00,0.00,1.00,0.00,0.00,255,255,1.00,0.00,0.00,0.00,0.00,0.00,0.00,0.00,normal.
0,udp,domain_u,SF,48,114,0,0,0,0,0,0,0,0,0,0,0,0,0,0,0,0,2,2,0.00,0.00,0.00,0.00,1.00,0.00,0.00,233,230,0.99,0.01,0.00,0.00,0.00,0.00,0.00,0.00,normal.
0,udp,domain_u,SF,44,110,0,0,0,0,0,0,0,0,0,0,0,0,0,0,0,0,3,3,0.00,0.00,0.00,0.00,1.00,0.00,0.00,255,253,0.99,0.01,0.00,0.00,0.00,0.00,0.00,0.00,normal.
0,udp,domain_u,SF,44,110,0,0,0,0,0,0,0,0,0,0,0,0,0,0,0,0,3,3,0.00,0.00,0.00,0.00,1.00,0.00,0.00,255,253,0.99,0.01,0.00,0.00,0.00,0.00,0.00,0.00,normal.
0,udp,domain_u,SF,31,0,0,0,0,0,0,0,0,0,0,0,0,0,0,0,0,0,1,2,0.00,0.00,0.00,0.00,1.00,0.00,1.00,31,30,0.16,0.13,0.16,0.10,0.00,0.00,0.00,0.00,normal.
0,udp,domain_u,SF,43,113,0,0,0,0,0,0,0,0,0,0,0,0,0,0,0,0,69,69,0.00,0.00,0.00,0.00,1.00,0.00,0.00,255,254,1.00,0.01,0.00,0.00,0.00,0.00,0.00,0.00,normal.
0,udp,domain_u,SF,45,73,0,0,0,0,0,0,0,0,0,0,0,0,0,0,0,0,97,97,0.00,0.00,0.00,0.00,1.00,0.00,0.00,255,168,0.66,0.01,0.00,0.00,0.00,0.00,0.00,0.00,normal.
0,udp,domain_u,SF,31,0,0,0,0,0,0,0,0,0,0,0,0,0,0,0,0,0,1,13,0.00,0.00,0.00,0.00,1.00,0.00,0.15,123,28,0.07,0.05,0.07,0.07,0.01,0.00,0.01,0.00,normal.
0,udp,domain_u,SF,46,46,0,0,0,0,0,0,0,0,0,0,0,0,0,0,0,0,13,17,0.00,0.00,0.00,0.00,1.00,0.00,0.12,255,255,1.00,0.00,0.01,0.00,0.00,0.00,0.00,0.00,normal.
0,udp,domain_u,SF,46,46,0,0,0,0,0,0,0,0,0,0,0,0,0,0,0,0,13,17,0.00,0.00,0.00,0.00,1.00,0.00,0.12,255,255,1.00,0.00,0.01,0.00,0.00,0.00,0.00,0.00,normal.
