0,icmp,eco_i,SF,8,0,0,0,0,0,0,0,0,0,0,0,0,0,0,0,0,0,1,30,0.00,0.00,0.00,0.00,1.00,0.00,1.00,4,61,1.00,0.00,1.00,0.26,0.00,0.00,0.00,0.00,nmap.
0,icmp,eco_i,SF,8,0,0,0,0,0,0,0,0,0,0,0,0,0,0,0,0,0,1,49,0.00,0.00,0.00,0.00,1.00,0.00,1.00,2,10,1.00,0.00,1.00,0.50,0.00,0.00,0.00,0.00,ipsweep.
0,icmp,eco_i,SF,8,0,0,0,0,0,0,0,0,0,0,0,0,0,0,0,0,0,1,5,0.00,0.00,0.00,0.00,1.00,0.00,1.00,2,12,1.00,0.00,1.00,0.50,0.00,0.00,0.00,0.00,ipsweep.
0,icmp,eco_i,SF,18,0,0,0,0,0,0,0,0,0,0,0,0,0,0,0,0,0,1,1,0.00,0.00,0.00,0.00,1.00,0.00,0.00,2,158,1.00,0.00,1.00,0.25,0.00,0.00,0.00,0.00,ipsweep.
0,icmp,eco_i,SF,30,0,0,0,0,0,0,0,0,0,0,0,0,0,0,0,0,0,1,1,0.00,0.00,0.00,0.00,1.00,0.00,0.00,196,196,1.00,0.00,1.00,0.00,0.00,0.00,0.00,0.00,normal.
0,icmp,eco_i,SF,8,0,0,0,0,0,0,0,0,0,0,0,0,0,0,0,0,0,1,37,0.00,0.00,0.00,0.00,1.00,0.00,1.00,1,107,1.00,0.00,1.00,0.50,0.00,0.00,0.00,0.00,ipsweep.
0,icmp,eco_i,SF,8,0,0,0,0,0,0,0,0,0,0,0,0,0,0,0,0,0,1,38,0.00,0.00,0.00,0.00,1.00,0.00,1.00,1,177,1.00,0.00,1.00,0.50,0.00,0.00,0.00,0.00,ipsweep.
0,icmp,eco_i,SF,8,0,0,0,0,0,0,0,0,0,0,0,0,0,0,0,0,0,1,9,0.00,0.00,0.00,0.00,1.00,0.00,1.00,1,33,1.00,0.00,1.00,0.52,0.00,0.00,0.00,0.00,ipsweep.
0,icmp,eco_i,SF,8,0,0,0,0,0,0,0,0,0,0,0,0,0,0,0,0,0,1,49,0.00,0.00,0.00,0.00,1.00,0.00,1.00,1,255,1.00,0.00,1.00,0.50,0.00,0.00,0.00,0.00,ipsweep.
0,icmp,eco_i,SF,8,0,0,0,0,0,0,0,0,0,0,0,0,0,0,0,0,0,1,49,0.00,0.00,0.00,0.00,1.00,0.00,1.00,1,255,1.00,0.00,1.00,0.50,0.00,0.00,0.00,0.00,ipsweep.
0,icmp,eco_i,SF,8,0,0,0,0,0,0,0,0,0,0,0,0,0,0,0,0,0,1,49,0.00,0.00,0.00,0.00,1.00,0.00,1.00,1,255,1.00,0.00,1.00,0.50,0.00,0.00,0.00,0.00,ipsweep.
0,icmp,eco_i,SF,8,0,0,0,0,0,0,0,0,0,0,0,0,0,0,0,0,0,1,49,0.00,0.00,0.00,0.00,1.00,0.00,1.00,1,255,1.00,0.00,1.00,0.50,0.00,0.00,0.00,0.00,ipsweep.
0,icmp,eco_i,SF,8,0,0,0,0,0,0,0,0,0,0,0,0,0,0,0,0,0,1,49,0.00,0.00,0.00,0.00,1.00,0.00,1.00,1,255,1.00,0.00,1.00,0.50,0.00,0.00,0.00,0.00,ipsweep.
0,icmp,eco_i,SF,8,0,0,0,0,0,0,0,0,0,0,0,0,0,0,0,0,0,1,49,0.00,0.00,0.00,0.00,1.00,0.00,1.00,1,255,1.00,0.00,1.00,0.50,0.00,0.00,0.00,0.00,ipsweep.
0,icmp,eco_i,SF,8,0,0,0,0,0,0,0,0,0,0,0,0,0,0,0,0,0,1,49,0.00,0.00,0.00,0.00,1.00,0.00,1.00,1,255,1.00,0.00,1.00,0.50,0.00,0.00,0.00,0.00,ipsweep.
0,icmp,eco_i,SF,8,0,0,0,0,0,0,0,0,0,0,0,0,0,0,0,0,0,1,49,0.00,0.00,0.00,0.00,1.00,0.00,1.00,1,255,1.00,0.00,1.00,0.50,0.00,0.00,0.00,0.00,ipsweep.
0,icmp,eco_i,SF,8,0,0,0,0,0,0,0,0,0,0,0,0,0,0,0,0,0,1,44,0.00,0.00,0.00,0.00,1.00,0.00,1.00,1,133,1.00,0.00,1.00,0.26,0.00,0.00,0.00,0.00,nmap.
0,icmp,eco_i,SF,18,0,0,0,0,0,0,0,0,0,0,0,0,0,0,0,0,0,1,1,0.00,0.00,0.00,0.00,1.00,0.00,0.00,2,198,1.00,0.00,1.00,0.25,0.00,0.00,0.00,0.00,ipsweep.
0,icmp,eco_i,SF,18,0,0,0,0,0,0,0,0,0,0,0,0,0,0,0,0,0,1,1,0.00,0.00,0.00,0.00,1.00,0.00,0.00,1,255,1.00,0.00,1.00,1.00,0.00,0.00,0.00,0.00,ipsweep.
0,icmp,eco_i,SF,18,0,0,0,0,0,0,0,0,0,0,0,0,0,0,0,0,0,1,1,0.00,0.00,0.00,0.00,1.00,0.00,0.00,1,255,1.00,0.00,1.00,1.00,0.00,0.00,0.00,0.00,ipsweep.
0,icmp,eco_i,SF,18,0,0,0,0,0,0,0,0,0,0,0,0,0,0,0,0,0,1,1,0.00,0.00,0.00,0.00,1.00,0.00,0.00,1,255,1.00,0.00,1.00,1.00,0.00,0.00,0.00,0.00,ipsweep.
0,icmp,eco_i,SF,18,0,0,0,0,0,0,0,0,0,0,0,0,0,0,0,0,0,1,1,0.00,0.00,0.00,0.00,1.00,0.00,0.00,1,255,1.00,0.00,1.00,1.00,0.00,0.00,0.00,0.00,ipsweep.
0,icmp,eco_i,SF,18,0,0,0,0,0,0,0,0,0,0,0,0,0,0,0,0,0,1,1,0.00,0.00,0.00,0.00,1.00,0.00,0.00,1,255,1.00,0.00,1.00,1.00,0.00,0.00,0.00,0.00,ipsweep.
0,icmp,eco_i,SF,18,0,0,0,0,0,0,0,0,0,0,0,0,0,0,0,0,0,1,1,0.00,0.00,0.00,0.00,1.00,0.00,0.00,1,255,1.00,0.00,1.00,1.00,0.00,0.00,0.00,0.00,ipsweep.
0,icmp,eco_i,SF,18,0,0,0,0,0,0,0,0,0,0,0,0,0,0,0,0,0,1,1,0.00,0.00,0.00,0.00,1.00,0.00,0.00,1,255,1.00,0.00,1.00,1.00,0.00,0.00,0.00,0.00,ipsweep.
0,icmp,eco_i,SF,18,0,0,0,0,0,0,0,0,0,0,0,0,0,0,0,0,0,1,1,0.00,0.00,0.00,0.00,1.00,0.00,0.00,1,255,1.00,0.00,1.00,1.00,0.00,0.00,0.00,0.00,ipsweep.
0,icmp,eco_i,SF,18,0,0,0,0,0,0,0,0,0,0,0,0,0,0,0,0,0,1,1,0.00,0.00,0.00,0.00,1.00,0.00,0.00,1,255,1.00,0.00,1.00,1.00,0.00,0.00,0.00,0.00,ipsweep.
0,icmp,eco_i,SF,18,0,0,0,0,0,0,0,0,0,0,0,0,0,0,0,0,0,1,1,0.00,0.00,0.00,0.00,1.00,0.00,0.00,1,255,1.00,0.00,1.00,1.00,0.00,0.00,0.00,0.00,ipsweep.
0,icmp,eco_i,SF,18,0,0,0,0,0,0,0,0,0,0,0,0,0,0,0,0,0,1,1,0.00,0.00,0.00,0.00,1.00,0.00,0.00,1,255,1.00,0.00,1.00,1.00,0.00,0.00,0.00,0.00,ipsweep.
0,icmp,eco_i,SF,18,0,0,0,0,0,0,0,0,0,0,0,0,0,0,0,0,0,1,1,0.00,0.00,0.00,0.00,1.00,0.00,0.00,1,255,1.00,0.00,1.00,1.00,0.00,0.00,0.00,0.00,ipsweep.
0,icmp,eco_i,SF,18,0,0,0,0,0,0,0,0,0,0,0,0,0,0,0,0,0,1,1,0.00,0.00,0.00,0.00,1.00,0.00,0.00,1,255,1.00,0.00,1.00,1.00,0.00,0.00,0.00,0.00,ipsweep.
0,icmp,eco_i,SF,18,0,0,0,0,0,0,0,0,0,0,0,0,0,0,0,0,0,1,1,0.00,0.00,0.00,0.00,1.00,0.00,0.00,1,255,1.00,0.00,1.00,1.00,0.00,0.00,0.00,0.00,ipsweep.
0,icmp,eco_i,SF,18,0,0,0,0,0,0,0,0,0,0,0,0,0,0,0,0,0,1,1,0.00,0.00,0.00,0.00,1.00,0.00,0.00,1,255,1.00,0.00,1.00,1.00,0.00,0.00,0.00,0.00,ipsweep.
0,icmp,eco_i,SF,18,0,0,0,0,0,0,0,0,0,0,0,0,0,0,0,0,0,1,1,0.00,0.00,0.00,0.00,1.00,0.00,0.00,1,255,1.00,0.00,1.00,1.00,0.00,0.00,0.00,0.00,ipsweep.
0,icmp,eco_i,SF,18,0,0,0,0,0,0,0,0,0,0,0,0,0,0,0,0,0,1,1,0.00,0.00,0.00,0.00,1.00,0.00,0.00,1,255,1.00,0.00,1.00,1.00,0.00,0.00,0.00,0.00,ipsweep.
0,icmp,eco_i,SF,18,0,0,0,0,0,0,0,0,0,0,0,0,0,0,0,0,0,1,1,0.00,0.00,0.00,0.00,1.00,0.00,0.00,1,255,1.00,0.00,1.00,1.00,0.00,0.00,0.00,0.00,ipsweep.
0,icmp,eco_i,SF,18,0,0,0,0,0,0,0,0,0,0,0,0,0,0,0,0,0,1,1,0.00,0.00,0.00,0.00,1.00,0.00,0.00,1,255,1.00,0.00,1.00,1.00,0.00,0.00,0.00,0.00,ipsweep.
0,icmp,eco_i,SF,18,0,0,0,0,0,0,0,0,0,0,0,0,0,0,0,0,0,1,1,0.00,0.00,0.00,0.00,1.00,0.00,0.00,1,255,1.00,0.00,1.00,1.00,0.00,0.00,0.00,0.00,ipsweep.
0,icmp,eco_i,SF,18,0,0,0,0,0,0,0,0,0,0,0,0,0,0,0,0,0,1,1,0.00,0.00,0.00,0.00,1.00,0.00,0.00,1,255,1.00,0.00,1.00,1.00,0.00,0.00,0.00,0.00,ipsweep.
0,icmp,eco_i,SF,18,0,0,0,0,0,0,0,0,0,0,0,0,0,0,0,0,0,1,1,0.00,0.00,0.00,0.00,1.00,0.00,0.00,1,255,1.00,0.00,1.00,1.00,0.00,0.00,0.00,0.00,ipsweep.
0,icmp,eco_i,SF,18,0,0,0,0,0,0,0,0,0,0,0,0,0,0,0,0,0,1,1,0.00,0.00,0.00,0.00,1.00,0.00,0.00,1,255,1.00,0.00,1.00,1.00,0.00,0.00,0.00,0.00,ipsweep.
0,icmp,eco_i,SF,18,0,0,0,0,0,0,0,0,0,0,0,0,0,0,0,0,0,1,1,0.00,0.00,0.00,0.00,1.00,0.00,0.00,1,255,1.00,0.00,1.00,1.00,0.00,0.00,0.00,0.00,ipsweep.
0,icmp,eco_i,SF,18,0,0,0,0,0,0,0,0,0,0,0,0,0,0,0,0,0,1,1,0.00,0.00,0.00,0.00,1.00,0.00,0.00,1,255,1.00,0.00,1.00,1.00,0.00,0.00,0.00,0.00,ipsweep.
0,icmp,eco_i,SF,18,0,0,0,0,0,0,0,0,0,0,0,0,0,0,0,0,0,1,1,0.00,0.00,0.00,0.00,1.00,0.00,0.00,1,255,1.00,0.00,1.00,1.00,0.00,0.00,0.00,0.00,ipsweep.
0,icmp,eco_i,SF,8,0,0,0,0,0,0,0,0,0,0,0,0,0,0,0,0,0,1,28,0.00,0.00,0.00,0.00,1.00,0.00,1.00,1,255,1.00,0.00,1.00,0.50,0.00,0.00,0.00,0.00,ipsweep.
0,icmp,eco_i,SF,8,0,0,0,0,0,0,0,0,0,0,0,0,0,0,0,0,0,1,28,0.00,0.00,0.00,0.00,1.00,0.00,1.00,1,255,1.00,0.00,1.00,0.50,0.00,0.00,0.00,0.00,ipsweep.
0,icmp,eco_i,SF,8,0,0,0,0,0,0,0,0,0,0,0,0,0,0,0,0,0,1,28,0.00,0.00,0.00,0.00,1.00,0.00,1.00,1,255,1.00,0.00,1.00,0.50,0.00,0.00,0.00,0.00,ipsweep.
0,icmp,eco_i,SF,8,0,0,0,0,0,0,0,0,0,0,0,0,0,0,0,0,0,1,28,0.00,0.00,0.00,0.00,1.00,0.00,1.00,1,255,1.00,0.00,1.00,0.50,0.00,0.00,0.00,0.00,ipsweep.
0,icmp,eco_i,SF,8,0,0,0,0,0,0,0,0,0,0,0,0,0,0,0,0,0,1,28,0.00,0.00,0.00,0.00,1.00,0.00,1.00,1,255,1.00,0.00,1.00,0.50,0.00,0.00,0.00,0.00,ipsweep.
0,icmp,eco_i,SF,8,0,0,0,0,0,0,0,0,0,0,0,0,0,0,0,0,0,1,7,0.00,0.00,0.00,0.00,1.00,0.00,1.00,2,130,1.00,0.00,1.00,0.25,0.00,0.00,0.00,0.00,nmap.
0,icmp,eco_i,SF,18,0,0,0,0,0,0,0,0,0,0,0,0,0,0,0,0,0,1,1,0.00,0.00,0.00,0.00,1.00,0.00,0.00,1,8,1.00,0.00,1.00,1.00,0.00,0.00,0.00,0.00,ipsweep.
0,icmp,eco_i,SF,18,0,0,0,0,0,0,0,0,0,0,0,0,0,0,0,0,0,1,1,0.00,0.00,0.00,0.00,1.00,0.00,0.00,1,8,1.00,0.00,1.00,1.00,0.00,0.00,0.00,0.00,ipsweep.
0,icmp,eco_i,SF,18,0,0,0,0,0,0,0,0,0,0,0,0,0,0,0,0,0,1,1,0.00,0.00,0.00,0.00,1.00,0.00,0.00,1,243,1.00,0.00,1.00,1.00,0.00,0.00,0.00,0.00,ipsweep.
0,icmp,eco_i,SF,18,0,0,0,0,0,0,0,0,0,0,0,0,0,0,0,0,0,1,1,0.00,0.00,0.00,0.00,1.00,0.00,0.00,1,15,1.00,0.00,1.00,1.00,0.00,0.00,0.00,0.00,ipsweep.
0,icmp,eco_i,SF,18,0,0,0,0,0,0,0,0,0,0,0,0,0,0,0,0,0,1,1,0.00,0.00,0.00,0.00,1.00,0.00,0.00,1,15,1.00,0.00,1.00,1.00,0.00,0.00,0.00,0.00,ipsweep.
0,icmp,eco_i,SF,8,0,0,0,0,0,0,0,0,0,0,0,0,0,0,0,0,0,1,48,0.00,0.00,0.00,0.00,1.00,0.00,1.00,2,90,1.00,0.00,1.00,0.26,0.00,0.00,0.00,0.00,nmap.
0,icmp,eco_i,SF,8,0,0,0,0,0,0,0,0,0,0,0,0,0,0,0,0,0,1,42,0.00,0.00,0.00,0.00,1.00,0.00,1.00,2,255,1.00,0.00,1.00,0.50,0.00,0.00,0.00,0.00,ipsweep.
0,icmp,eco_i,SF,30,0,0,0,0,0,0,0,0,0,0,0,0,0,0,0,0,0,1,1,0.00,0.00,0.00,0.00,1.00,0.00,0.00,95,13,0.14,0.02,0.14,0.00,0.00,0.00,0.00,0.00,normal.
0,icmp,eco_i,SF,8,0,0,0,0,0,0,0,0,0,0,0,0,0,0,0,0,0,1,52,0.00,0.00,0.00,0.00,1.00,0.00,1.00,2,61,1.00,0.00,1.00,0.26,0.00,0.00,0.00,0.00,nmap.
0,icmp,eco_i,SF,8,0,0,0,0,0,0,0,0,0,0,0,0,0,0,0,0,0,1,7,0.00,0.00,0.00,0.00,1.00,0.00,1.00,1,255,1.00,0.00,1.00,0.50,0.00,0.00,0.00,0.00,ipsweep.
0,icmp,eco_i,SF,8,0,0,0,0,0,0,0,0,0,0,0,0,0,0,0,0,0,1,7,0.00,0.00,0.00,0.00,1.00,0.00,1.00,1,255,1.00,0.00,1.00,0.50,0.00,0.00,0.00,0.00,ipsweep.
0,icmp,eco_i,SF,8,0,0,0,0,0,0,0,0,0,0,0,0,0,0,0,0,0,1,7,0.00,0.00,0.00,0.00,1.00,0.00,1.00,1,255,1.00,0.00,1.00,0.50,0.00,0.00,0.00,0.00,ipsweep.
0,icmp,eco_i,SF,8,0,0,0,0,0,0,0,0,0,0,0,0,0,0,0,0,0,1,7,0.00,0.00,0.00,0.00,1.00,0.00,1.00,1,255,1.00,0.00,1.00,0.50,0.00,0.00,0.00,0.00,ipsweep.
0,icmp,eco_i,SF,8,0,0,0,0,0,0,0,0,0,0,0,0,0,0,0,0,0,1,7,0.00,0.00,0.00,0.00,1.00,0.00,1.00,1,255,1.00,0.00,1.00,0.50,0.00,0.00,0.00,0.00,ipsweep.
0,icmp,eco_i,SF,8,0,0,0,0,0,0,0,0,0,0,0,0,0,0,0,0,0,1,7,0.00,0.00,0.00,0.00,1.00,0.00,1.00,1,255,1.00,0.00,1.00,0.50,0.00,0.00,0.00,0.00,ipsweep.
0,icmp,eco_i,SF,8,0,0,0,0,0,0,0,0,0,0,0,0,0,0,0,0,0,1,7,0.00,0.00,0.00,0.00,1.00,0.00,1.00,1,255,1.00,0.00,1.00,0.50,0.00,0.00,0.00,0.00,ipsweep.
0,icmp,eco_i,SF,8,0,0,0,0,0,0,0,0,0,0,0,0,0,0,0,0,0,1,7,0.00,0.00,0.00,0.00,1.00,0.00,1.00,1,255,1.00,0.00,1.00,0.50,0.00,0.00,0.00,0.00,ipsweep.
0,icmp,eco_i,SF,8,0,0,0,0,0,0,0,0,0,0,0,0,0,0,0,0,0,1,7,0.00,0.00,0.00,0.00,1.00,0.00,1.00,1,255,1.00,0.00,1.00,0.50,0.00,0.00,0.00,0.00,ipsweep.
0,icmp,eco_i,SF,8,0,0,0,0,0,0,0,0,0,0,0,0,0,0,0,0,0,1,7,0.00,0.00,0.00,0.00,1.00,0.00,1.00,1,255,1.00,0.00,1.00,0.50,0.00,0.00,0.00,0.00,ipsweep.
0,icmp,eco_i,SF,8,0,0,0,0,0,0,0,0,0,0,0,0,0,0,0,0,0,1,7,0.00,0.00,0.00,0.00,1.00,0.00,1.00,1,255,1.00,0.00,1.00,0.50,0.00,0.00,0.00,0.00,ipsweep.
0,icmp,eco_i,SF,8,0,0,0,0,0,0,0,0,0,0,0,0,0,0,0,0,0,1,7,0.00,0.00,0.00,0.00,1.00,0.00,1.00,1,255,1.00,0.00,1.00,0.50,0.00,0.00,0.00,0.00,ipsweep.
0,icmp,eco_i,SF,8,0,0,0,0,0,0,0,0,0,0,0,0,0,0,0,0,0,1,7,0.00,0.00,0.00,0.00,1.00,0.00,1.00,1,255,1.00,0.00,1.00,0.50,0.00,0.00,0.00,0.00,ipsweep.
0,icmp,eco_i,SF,8,0,0,0,0,0,0,0,0,0,0,0,0,0,0,0,0,0,1,28,0.00,0.00,0.00,0.00,1.00,0.00,1.00,1,109,1.00,0.00,1.00,0.26,0.00,0.00,0.00,0.00,nmap.
0,icmp,eco_i,SF,8,0,0,0,0,0,0,0,0,0,0,0,0,0,0,0,0,0,1,28,0.00,0.00,0.00,0.00,1.00,0.00,1.00,1,117,1.00,0.00,1.00,0.50,0.00,0.00,0.00,0.00,ipsweep.
0,icmp,eco_i,SF,8,0,0,0,0,0,0,0,0,0,0,0,0,0,0,0,0,0,1,18,0.00,0.00,0.00,0.00,1.00,0.00,1.00,1,255,1.00,0.00,1.00,0.50,0.00,0.00,0.00,0.00,ipsweep.
0,icmp,eco_i,SF,8,0,0,0,0,0,0,0,0,0,0,0,0,0,0,0,0,0,1,18,0.00,0.00,0.00,0.00,1.00,0.00,1.00,1,255,1.00,0.00,1.00,0.50,0.00,0.00,0.00,0.00,ipsweep.
0,icmp,eco_i,SF,8,0,0,0,0,0,0,0,0,0,0,0,0,0,0,0,0,0,1,18,0.00,0.00,0.00,0.00,1.00,0.00,1.00,1,255,1.00,0.00,1.00,0.50,0.00,0.00,0.00,0.00,ipsweep.
0,icmp,eco_i,SF,8,0,0,0,0,0,0,0,0,0,0,0,0,0,0,0,0,0,1,18,0.00,0.00,0.00,0.00,1.00,0.00,1.00,1,255,1.00,0.00,1.00,0.50,0.00,0.00,0.00,0.00,ipsweep.
0,icmp,eco_i,SF,8,0,0,0,0,0,0,0,0,0,0,0,0,0,0,0,0,0,1,18,0.00,0.00,0.00,0.00,1.00,0.00,1.00,1,255,1.00,0.00,1.00,0.50,0.00,0.00,0.00,0.00,ipsweep.
0,icmp,eco_i,SF,8,0,0,0,0,0,0,0,0,0,0,0,0,0,0,0,0,0,1,18,0.00,0.00,0.00,0.00,1.00,0.00,1.00,1,255,1.00,0.00,1.00,0.50,0.00,0.00,0.00,0.00,ipsweep.
0,icmp,eco_i,SF,8,0,0,0,0,0,0,0,0,0,0,0,0,0,0,0,0,0,1,18,0.00,0.00,0.00,0.00,1.00,0.00,1.00,1,255,1.00,0.00,1.00,0.50,0.00,0.00,0.00,0.00,ipsweep.
0,icmp,eco_i,SF,8,0,0,0,0,0,0,0,0,0,0,0,0,0,0,0,0,0,1,18,0.00,0.00,0.00,0.00,1.00,0.00,1.00,1,255,1.00,0.00,1.00,0.50,0.00,0.00,0.00,0.00,ipsweep.
0,icmp,eco_i,SF,8,0,0,0,0,0,0,0,0,0,0,0,0,0,0,0,0,0,1,18,0.00,0.00,0.00,0.00,1.00,0.00,1.00,1,255,1.00,0.00,1.00,0.50,0.00,0.00,0.00,0.00,ipsweep.
0,icmp,eco_i,SF,8,0,0,0,0,0,0,0,0,0,0,0,0,0,0,0,0,0,1,18,0.00,0.00,0.00,0.00,1.00,0.00,1.00,1,255,1.00,0.00,1.00,0.50,0.00,0.00,0.00,0.00,ipsweep.
0,icmp,eco_i,SF,8,0,0,0,0,0,0,0,0,0,0,0,0,0,0,0,0,0,1,18,0.00,0.00,0.00,0.00,1.00,0.00,1.00,1,255,1.00,0.00,1.00,0.50,0.00,0.00,0.00,0.00,ipsweep.
0,icmp,eco_i,SF,30,0,0,0,0,0,0,0,0,0,0,0,0,0,0,0,0,0,1,1,0.00,0.00,0.00,0.00,1.00,0.00,0.00,38,38,1.00,0.00,1.00,0.00,0.00,0.00,0.00,0.00,normal.
0,icmp,eco_i,SF,8,0,0,0,0,0,0,0,0,0,0,0,0,0,0,0,0,0,1,31,0.00,0.00,0.00,0.00,1.00,0.00,1.00,1,255,1.00,0.00,1.00,0.50,0.00,0.00,0.00,0.00,ipsweep.
0,icmp,eco_i,SF,8,0,0,0,0,0,0,0,0,0,0,0,0,0,0,0,0,0,1,31,0.00,0.00,0.00,0.00,1.00,0.00,1.00,1,255,1.00,0.00,1.00,0.50,0.00,0.00,0.00,0.00,ipsweep.
0,icmp,eco_i,SF,8,0,0,0,0,0,0,0,0,0,0,0,0,0,0,0,0,0,1,31,0.00,0.00,0.00,0.00,1.00,0.00,1.00,1,255,1.00,0.00,1.00,0.50,0.00,0.00,0.00,0.00,ipsweep.
0,icmp,eco_i,SF,8,0,0,0,0,0,0,0,0,0,0,0,0,0,0,0,0,0,1,31,0.00,0.00,0.00,0.00,1.00,0.00,1.00,1,255,1.00,0.00,1.00,0.50,0.00,0.00,0.00,0.00,ipsweep.
0,icmp,eco_i,SF,8,0,0,0,0,0,0,0,0,0,0,0,0,0,0,0,0,0,1,31,0.00,0.00,0.00,0.00,1.00,0.00,1.00,1,255,1.00,0.00,1.00,0.50,0.00,0.00,0.00,0.00,ipsweep.
0,icmp,eco_i,SF,8,0,0,0,0,0,0,0,0,0,0,0,0,0,0,0,0,0,1,31,0.00,0.00,0.00,0.00,1.00,0.00,1.00,1,255,1.00,0.00,1.00,0.50,0.00,0.00,0.00,0.00,ipsweep.
0,icmp,eco_i,SF,8,0,0,0,0,0,0,0,0,0,0,0,0,0,0,0,0,0,1,31,0.00,0.00,0.00,0.00,1.00,0.00,1.00,1,255,1.00,0.00,1.00,0.50,0.00,0.00,0.00,0.00,ipsweep.
0,icmp,eco_i,SF,8,0,0,0,0,0,0,0,0,0,0,0,0,0,0,0,0,0,1,31,0.00,0.00,0.00,0.00,1.00,0.00,1.00,1,255,1.00,0.00,1.00,0.50,0.00,0.00,0.00,0.00,ipsweep.
0,icmp,eco_i,SF,8,0,0,0,0,0,0,0,0,0,0,0,0,0,0,0,0,0,1,31,0.00,0.00,0.00,0.00,1.00,0.00,1.00,1,255,1.00,0.00,1.00,0.50,0.00,0.00,0.00,0.00,ipsweep.
0,icmp,eco_i,SF,18,0,0,0,0,0,0,0,0,0,0,0,0,0,0,0,0,0,1,1,0.00,0.00,0.00,0.00,1.00,0.00,0.00,1,83,1.00,0.00,1.00,1.00,0.00,0.00,0.00,0.00,ipsweep.
0,icmp,eco_i,SF,18,0,0,0,0,0,0,0,0,0,0,0,0,0,0,0,0,0,1,1,0.00,0.00,0.00,0.00,1.00,0.00,0.00,1,83,1.00,0.00,1.00,1.00,0.00,0.00,0.00,0.00,ipsweep.
0,icmp,eco_i,SF,30,0,0,0,0,0,0,0,0,0,0,0,0,0,0,0,0,0,2,1,0.00,0.00,0.00,0.00,0.50,1.00,0.00,255,3,0.01,0.01,0.02,0.00,0.00,0.00,0.00,0.00,normal.
0,icmp,eco_i,SF,30,0,0,0,0,0,0,0,0,0,0,0,0,0,0,0,0,0,2,1,0.00,0.00,0.00,0.00,0.50,1.00,0.00,255,3,0.01,0.01,0.02,0.00,0.00,0.00,0.00,0.00,normal.
0,icmp,eco_i,SF,30,0,0,0,0,0,0,0,0,0,0,0,0,0,0,0,0,0,2,1,0.00,0.00,0.00,0.00,0.50,1.00,0.00,255,3,0.01,0.01,0.02,0.00,0.00,0.00,0.00,0.00,normal.
0,icmp,eco_i,SF,8,0,0,0,0,0,0,0,0,0,0,0,0,0,0,0,0,0,1,31,0.00,0.00,0.00,0.00,1.00,0.00,1.00,2,255,1.00,0.00,1.00,0.50,0.00,0.00,0.00,0.00,ipsweep.
0,icmp,eco_i,SF,8,0,0,0,0,0,0,0,0,0,0,0,0,0,0,0,0,0,1,42,0.00,0.00,0.00,0.00,1.00,0.00,1.00,1,7,1.00,0.00,1.00,0.57,0.00,0.00,0.00,0.00,ipsweep.
0,icmp,eco_i,SF,8,0,0,0,0,0,0,0,0,0,0,0,0,0,0,0,0,0,1,4,0.00,0.00,0.00,0.00,1.00,0.00,1.00,1,89,1.00,0.00,1.00,0.51,0.00,0.00,0.00,0.00,ipsweep.
0,icmp,eco_i,SF,8,0,0,0,0,0,0,0,0,0,0,0,0,0,0,0,0,0,1,28,0.00,0.00,0.00,0.00,1.00,0.00,1.00,2,74,1.00,0.00,1.00,0.50,0.00,0.00,0.00,0.00,ipsweep.
0,icmp,eco_i,SF,30,0,0,0,0,0,0,0,0,0,0,0,0,0,0,0,0,0,1,1,0.00,0.00,0.00,0.00,1.00,0.00,0.00,105,104,0.99,0.02,0.99,0.00,0.00,0.00,0.00,0.00,normal.
0,icmp,eco_i,SF,8,0,0,0,0,0,0,0,0,0,0,0,0,0,0,0,0,0,1,44,0.00,0.00,0.00,0.00,1.00,0.00,1.00,1,255,1.00,0.00,1.00,0.50,0.00,0.00,0.00,0.00,ipsweep.
0,icmp,eco_i,SF,8,0,0,0,0,0,0,0,0,0,0,0,0,0,0,0,0,0,1,44,0.00,0.00,0.00,0.00,1.00,0.00,1.00,1,255,1.00,0.00,1.00,0.50,0.00,0.00,0.00,0.00,ipsweep.
0,icmp,eco_i,SF,8,0,0,0,0,0,0,0,0,0,0,0,0,0,0,0,0,0,1,44,0.00,0.00,0.00,0.00,1.00,0.00,1.00,1,255,1.00,0.00,1.00,0.50,0.00,0.00,0.00,0.00,ipsweep.
0,icmp,eco_i,SF,8,0,0,0,0,0,0,0,0,0,0,0,0,0,0,0,0,0,1,44,0.00,0.00,0.00,0.00,1.00,0.00,1.00,1,255,1.00,0.00,1.00,0.50,0.00,0.00,0.00,0.00,ipsweep.
0,icmp,eco_i,SF,8,0,0,0,0,0,0,0,0,0,0,0,0,0,0,0,0,0,1,44,0.00,0.00,0.00,0.00,1.00,0.00,1.00,1,255,1.00,0.00,1.00,0.50,0.00,0.00,0.00,0.00,ipsweep.
0,icmp,eco_i,SF,8,0,0,0,0,0,0,0,0,0,0,0,0,0,0,0,0,0,1,44,0.00,0.00,0.00,0.00,1.00,0.00,1.00,1,255,1.00,0.00,1.00,0.50,0.00,0.00,0.00,0.00,ipsweep.
0,icmp,eco_i,SF,8,0,0,0,0,0,0,0,0,0,0,0,0,0,0,0,0,0,1,44,0.00,0.00,0.00,0.00,1.00,0.00,1.00,1,255,1.00,0.00,1.00,0.50,0.00,0.00,0.00,0.00,ipsweep.
0,icmp,eco_i,SF,18,0,0,0,0,0,0,0,0,0,0,0,0,0,0,0,0,0,1,1,0.00,0.00,0.00,0.00,1.00,0.00,0.00,1,53,1.00,0.00,1.00,1.00,0.00,0.00,0.00,0.00,ipsweep.
0,icmp,eco_i,SF,18,0,0,0,0,0,0,0,0,0,0,0,0,0,0,0,0,0,1,1,0.00,0.00,0.00,0.00,1.00,0.00,0.00,1,53,1.00,0.00,1.00,1.00,0.00,0.00,0.00,0.00,ipsweep.
0,icmp,eco_i,SF,18,0,0,0,0,0,0,0,0,0,0,0,0,0,0,0,0,0,1,1,0.00,0.00,0.00,0.00,1.00,0.00,0.00,1,53,1.00,0.00,1.00,1.00,0.00,0.00,0.00,0.00,ipsweep.
0,icmp,eco_i,SF,8,0,0,0,0,0,0,0,0,0,0,0,0,0,0,0,0,0,1,50,0.00,0.00,0.00,0.00,1.00,0.00,1.00,1,73,1.00,0.00,1.00,0.51,0.00,0.00,0.00,0.00,ipsweep.
0,icmp,eco_i,SF,30,0,0,0,0,0,0,0,0,0,0,0,0,0,0,0,0,0,2,1,0.00,0.00,0.00,0.00,0.50,1.00,0.00,213,2,0.01,0.01,0.06,0.00,0.00,0.00,0.00,0.00,normal.
0,icmp,eco_i,SF,8,0,0,0,0,0,0,0,0,0,0,0,0,0,0,0,0,0,1,50,0.00,0.00,0.00,0.00,1.00,0.00,1.00,3,179,1.00,0.00,1.00,0.25,0.00,0.00,0.00,0.00,nmap.
0,icmp,eco_i,SF,8,0,0,0,0,0,0,0,0,0,0,0,0,0,0,0,0,0,1,19,0.00,0.00,0.00,0.00,1.00,0.00,1.00,1,255,1.00,0.00,1.00,0.50,0.00,0.00,0.00,0.00,ipsweep.
0,icmp,eco_i,SF,8,0,0,0,0,0,0,0,0,0,0,0,0,0,0,0,0,0,1,19,0.00,0.00,0.00,0.00,1.00,0.00,1.00,1,255,1.00,0.00,1.00,0.50,0.00,0.00,0.00,0.00,ipsweep.
0,icmp,eco_i,SF,8,0,0,0,0,0,0,0,0,0,0,0,0,0,0,0,0,0,1,19,0.00,0.00,0.00,0.00,1.00,0.00,1.00,1,255,1.00,0.00,1.00,0.50,0.00,0.00,0.00,0.00,ipsweep.
0,icmp,eco_i,SF,8,0,0,0,0,0,0,0,0,0,0,0,0,0,0,0,0,0,1,19,0.00,0.00,0.00,0.00,1.00,0.00,1.00,1,255,1.00,0.00,1.00,0.50,0.00,0.00,0.00,0.00,ipsweep.
0,icmp,eco_i,SF,8,0,0,0,0,0,0,0,0,0,0,0,0,0,0,0,0,0,1,19,0.00,0.00,0.00,0.00,1.00,0.00,1.00,1,255,1.00,0.00,1.00,0.50,0.00,0.00,0.00,0.00,ipsweep.
0,icmp,eco_i,SF,8,0,0,0,0,0,0,0,0,0,0,0,0,0,0,0,0,0,1,19,0.00,0.00,0.00,0.00,1.00,0.00,1.00,1,255,1.00,0.00,1.00,0.50,0.00,0.00,0.00,0.00,ipsweep.
0,icmp,eco_i,SF,8,0,0,0,0,0,0,0,0,0,0,0,0,0,0,0,0,0,1,19,0.00,0.00,0.00,0.00,1.00,0.00,1.00,1,255,1.00,0.00,1.00,0.50,0.00,0.00,0.00,0.00,ipsweep.
0,icmp,eco_i,SF,8,0,0,0,0,0,0,0,0,0,0,0,0,0,0,0,0,0,1,19,0.00,0.00,0.00,0.00,1.00,0.00,1.00,1,255,1.00,0.00,1.00,0.50,0.00,0.00,0.00,0.00,ipsweep.
0,icmp,eco_i,SF,18,0,0,0,0,0,0,0,0,0,0,0,0,0,0,0,0,0,1,1,0.00,0.00,0.00,0.00,1.00,0.00,0.00,1,145,1.00,0.00,1.00,0.26,0.00,0.00,0.00,0.00,ipsweep.
0,icmp,eco_i,SF,8,0,0,0,0,0,0,0,0,0,0,0,0,0,0,0,0,0,1,13,0.00,0.00,0.00,0.00,1.00,0.00,1.00,1,27,1.00,0.00,1.00,0.52,0.00,0.00,0.00,0.00,ipsweep.
0,icmp,eco_i,SF,8,0,0,0,0,0,0,0,0,0,0,0,0,0,0,0,0,0,1,28,0.00,0.00,0.00,0.00,1.00,0.00,1.00,2,78,1.00,0.00,1.00,0.50,0.00,0.00,0.00,0.00,ipsweep.
0,icmp,eco_i,SF,30,0,0,0,0,0,0,0,0,0,0,0,0,0,0,0,0,0,2,1,0.00,0.00,0.00,0.00,0.50,1.00,0.00,255,5,0.02,0.01,0.11,0.00,0.00,0.00,0.00,0.00,normal.
0,icmp,eco_i,SF,30,0,0,0,0,0,0,0,0,0,0,0,0,0,0,0,0,0,2,1,0.00,0.00,0.00,0.00,0.50,1.00,0.00,255,5,0.02,0.01,0.11,0.00,0.00,0.00,0.00,0.00,normal.
0,icmp,eco_i,SF,18,0,0,0,0,0,0,0,0,0,0,0,0,0,0,0,0,0,1,1,0.00,0.00,0.00,0.00,1.00,0.00,0.00,4,20,1.00,0.00,1.00,0.25,0.00,0.00,0.00,0.00,ipsweep.
0,icmp,eco_i,SF,18,0,0,0,0,0,0,0,0,0,0,0,0,0,0,0,0,0,1,1,0.00,0.00,0.00,0.00,1.00,0.00,0.00,2,80,0.50,1.00,0.50,1.00,0.00,0.00,0.00,0.00,ipsweep.
0,icmp,eco_i,SF,8,0,0,0,0,0,0,0,0,0,0,0,0,0,0,0,0,0,1,41,0.00,0.00,0.00,0.00,1.00,0.00,1.00,2,255,1.00,0.00,1.00,0.50,0.00,0.00,0.00,0.00,ipsweep.
0,icmp,eco_i,SF,8,0,0,0,0,0,0,0,0,0,0,0,0,0,0,0,0,0,1,41,0.00,0.00,0.00,0.00,1.00,0.00,1.00,2,255,1.00,0.00,1.00,0.50,0.00,0.00,0.00,0.00,ipsweep.
0,icmp,eco_i,SF,8,0,0,0,0,0,0,0,0,0,0,0,0,0,0,0,0,0,1,41,0.00,0.00,0.00,0.00,1.00,0.00,1.00,2,255,1.00,0.00,1.00,0.50,0.00,0.00,0.00,0.00,ipsweep.
0,icmp,eco_i,SF,30,0,0,0,0,0,0,0,0,0,0,0,0,0,0,0,0,0,1,1,0.00,0.00,0.00,0.00,1.00,0.00,0.00,98,98,1.00,0.00,1.00,0.00,0.00,0.00,0.00,0.00,normal.
0,icmp,eco_i,SF,18,0,0,0,0,0,0,0,0,0,0,0,0,0,0,0,0,0,1,1,0.00,0.00,0.00,0.00,1.00,0.00,0.00,1,185,1.00,0.00,1.00,0.25,0.00,0.00,0.00,0.00,ipsweep.
0,icmp,eco_i,SF,8,0,0,0,0,0,0,0,0,0,0,0,0,0,0,0,0,0,1,26,0.00,0.00,0.00,0.00,1.00,0.00,1.00,1,73,1.00,0.00,1.00,0.52,0.00,0.00,0.00,0.00,ipsweep.
