35,tcp,finger,SF,9,225,0,0,0,0,0,0,0,0,0,0,0,0,0,0,0,0,1,1,0.00,0.00,0.00,0.00,1.00,0.00,0.00,17,8,0.06,0.12,0.06,0.25,0.00,0.00,0.00,0.00,normal.
0,tcp,finger,S0,0,0,0,0,0,0,0,0,0,0,0,0,0,0,0,0,0,0,204,16,1.00,1.00,0.00,0.00,0.08,0.07,0.00,255,16,0.06,0.07,0.00,0.00,1.00,1.00,0.00,0.00,neptune.
0,tcp,finger,S0,0,0,0,0,0,0,0,0,0,0,0,0,0,0,0,0,0,0,276,13,1.00,0.92,0.00,0.00,0.04,0.06,0.15,255,12,0.05,0.06,0.00,0.00,1.00,1.00,0.00,0.00,neptune.
0,tcp,finger,S0,0,0,0,0,0,0,0,0,0,0,0,0,0,0,0,0,0,0,19,7,1.00,1.00,0.00,0.00,0.37,0.26,0.00,255,8,0.03,0.08,0.00,0.00,1.00,1.00,0.00,0.00,neptune.
0,tcp,finger,SF,9,137,0,0,0,0,0,0,0,0,0,0,0,0,0,0,0,0,2,1,0.00,0.00,0.00,0.00,0.50,1.00,0.00,255,6,0.02,0.02,0.00,0.00,0.00,0.00,0.00,0.00,normal.
0,tcp,finger,S0,0,0,0,0,0,0,0,0,0,0,0,0,0,0,0,0,0,0,282,23,1.00,1.00,0.00,0.00,0.08,0.05,0.00,255,23,0.09,0.05,0.00,0.00,1.00,1.00,0.00,0.00,neptune.
0,tcp,finger,S0,0,0,0,0,0,0,0,0,0,0,0,0,0,0,0,0,0,0,157,21,1.00,1.00,0.00,0.00,0.13,0.06,0.00,255,21,0.08,0.05,0.00,0.00,1.00,1.00,0.00,0.00,neptune.
0,tcp,finger,SF,5,136,0,0,0,0,0,0,0,0,0,0,0,0,0,0,0,0,1,1,0.00,0.00,0.00,0.00,1.00,0.00,0.00,96,11,0.06,0.05,0.01,0.18,0.00,0.00,0.00,0.00,normal.
4,tcp,finger,SF,6,135,0,0,0,0,0,0,0,0,0,0,0,0,0,0,0,0,1,1,0.00,0.00,0.00,0.00,1.00,0.00,0.00,217,8,0.04,0.03,0.00,0.00,0.00,0.00,0.00,0.00,normal.
0,tcp,finger,RSTO,0,0,0,0,0,0,0,0,0,0,0,0,0,0,0,0,0,0,203,2,0.00,0.00,1.00,1.00,0.01,0.07,0.00,255,2,0.01,0.07,0.00,0.00,0.00,0.00,1.00,1.00,neptune.
0,tcp,finger,SF,11,140,0,0,0,0,0,0,0,0,0,0,0,0,0,0,0,0,1,1,0.00,0.00,0.00,0.00,1.00,0.00,0.00,96,8,0.06,0.03,0.01,0.25,0.00,0.00,0.00,0.00,normal.
0,tcp,finger,SF,8,138,0,0,0,0,0,0,0,0,0,0,0,0,0,0,0,0,1,1,0.00,0.00,0.00,0.00,1.00,0.00,0.00,79,3,0.04,0.59,0.01,0.00,0.00,0.00,0.00,0.00,normal.
1,tcp,finger,SF,8,141,0,0,0,0,0,0,0,0,0,0,0,0,0,0,0,0,1,1,0.00,0.00,0.00,0.00,1.00,0.00,0.00,173,12,0.06,0.03,0.01,0.17,0.00,0.00,0.00,0.00,normal.
0,tcp,finger,SF,9,225,0,0,0,0,0,0,0,0,0,0,0,0,0,0,0,0,1,1,0.00,0.00,0.00,0.00,1.00,0.00,0.00,63,12,0.05,0.03,0.02,0.17,0.00,0.00,0.00,0.00,normal.
0,tcp,finger,SF,7,136,0,0,0,0,0,0,0,0,0,0,0,0,0,0,0,0,1,1,0.00,0.00,0.00,0.00,1.00,0.00,0.00,181,4,0.02,0.03,0.01,0.00,0.01,0.00,0.01,0.00,normal.
0,tcp,finger,SF,13,229,0,0,0,0,0,0,0,0,0,0,0,0,0,0,0,0,1,1,0.00,0.00,0.00,0.00,1.00,0.00,0.00,252,4,0.02,0.02,0.00,0.00,0.00,0.00,0.00,0.00,normal.
0,tcp,finger,SF,8,139,0,0,0,0,0,0,0,0,0,0,0,0,0,0,0,0,1,1,0.00,0.00,0.00,0.00,1.00,0.00,0.00,255,7,0.03,0.03,0.00,0.00,0.00,0.00,0.00,0.00,normal.
0,tcp,finger,SF,9,139,0,0,0,0,0,0,0,0,0,0,0,0,0,0,0,0,1,1,0.00,0.00,0.00,0.00,1.00,0.00,0.00,159,7,0.04,0.03,0.01,0.29,0.00,0.00,0.00,0.00,normal.
0,tcp,finger,SF,9,225,0,0,0,0,0,0,0,0,0,0,0,0,0,0,0,0,1,1,0.00,0.00,0.00,0.00,1.00,0.00,0.00,115,13,0.04,0.03,0.01,0.15,0.00,0.00,0.00,0.00,normal.
0,tcp,finger,S0,0,0,0,0,0,0,0,0,0,0,0,0,0,0,0,0,0,0,13,4,1.00,1.00,0.00,0.00,0.31,0.31,0.00,93,30,0.26,0.04,0.03,0.07,1.00,0.80,0.00,0.00,neptune.
0,tcp,finger,RSTO,0,0,0,0,0,0,0,0,0,0,0,0,0,0,0,0,0,0,135,10,0.00,0.00,1.00,1.00,0.07,0.07,0.00,255,10,0.04,0.07,0.00,0.00,0.00,0.00,1.00,1.00,neptune.
0,tcp,finger,SF,7,136,0,0,0,0,0,0,0,0,0,0,0,0,0,0,0,0,3,1,0.00,0.00,0.00,0.00,0.33,0.67,0.00,209,6,0.02,0.03,0.00,0.33,0.00,0.00,0.00,0.00,normal.
0,tcp,finger,S0,0,0,0,0,0,0,0,0,0,0,0,0,0,0,0,0,0,0,250,3,1.00,1.00,0.00,0.00,0.01,0.06,0.00,255,3,0.01,0.07,0.00,0.00,1.00,1.00,0.00,0.00,neptune.
0,tcp,finger,S0,0,0,0,0,0,0,0,0,0,0,0,0,0,0,0,0,0,0,227,14,1.00,1.00,0.00,0.00,0.06,0.07,0.00,255,14,0.05,0.09,0.00,0.00,1.00,1.00,0.00,0.00,neptune.
0,tcp,finger,S0,0,0,1,0,0,0,0,0,0,0,0,0,0,0,0,0,0,0,1,2,1.00,1.00,0.00,0.00,1.00,0.00,1.00,1,5,1.00,0.00,1.00,1.00,1.00,1.00,0.00,0.00,land.
2,tcp,finger,SF,8,731,0,0,0,0,0,0,0,0,0,0,0,0,0,0,0,0,2,1,0.00,0.00,0.00,0.00,0.50,1.00,0.00,30,6,0.20,0.07,0.03,0.00,0.00,0.00,0.00,0.00,normal.
0,tcp,finger,SF,10,140,0,0,0,0,0,0,0,0,0,0,0,0,0,0,0,0,1,1,0.00,0.00,0.00,0.00,1.00,0.00,0.00,155,8,0.03,0.04,0.01,0.25,0.00,0.00,0.00,0.00,normal.
0,tcp,finger,SF,10,140,0,0,0,0,0,0,0,0,0,0,0,0,0,0,0,0,1,1,0.00,0.00,0.00,0.00,1.00,0.00,0.00,255,8,0.03,0.02,0.00,0.00,0.00,0.00,0.00,0.00,normal.
0,tcp,finger,SF,7,221,0,0,0,0,0,0,0,0,0,0,0,0,0,0,0,0,1,1,0.00,0.00,0.00,0.00,1.00,0.00,0.00,233,4,0.02,0.03,0.00,0.00,0.00,0.00,0.00,0.00,normal.
0,tcp,finger,SF,7,136,0,0,0,0,0,0,0,0,0,0,0,0,0,0,0,0,1,1,0.00,0.00,0.00,0.00,1.00,0.00,0.00,123,7,0.06,0.05,0.01,0.00,0.00,0.00,0.00,0.00,normal.
0,tcp,finger,S0,0,0,0,0,0,0,0,0,0,0,0,0,0,0,0,0,0,0,245,18,1.00,1.00,0.00,0.00,0.07,0.07,0.00,255,18,0.07,0.07,0.00,0.00,1.00,1.00,0.00,0.00,neptune.
0,tcp,finger,SF,9,141,0,0,0,0,0,0,0,0,0,0,0,0,0,0,0,0,1,1,0.00,0.00,0.00,0.00,1.00,0.00,0.00,168,9,0.02,0.03,0.01,0.22,0.00,0.00,0.00,0.00,normal.
1,tcp,finger,SF,7,263,0,0,0,0,0,0,0,0,0,0,0,0,0,0,0,0,1,1,0.00,0.00,0.00,0.00,1.00,0.00,0.00,118,3,0.01,0.03,0.01,0.67,0.00,0.00,0.01,0.00,normal.
0,tcp,finger,SF,6,220,0,0,0,0,0,0,0,0,0,0,0,0,0,0,0,0,1,1,0.00,0.00,0.00,0.00,1.00,0.00,0.00,99,14,0.09,0.05,0.01,0.14,0.00,0.00,0.00,0.00,normal.
0,tcp,finger,SF,10,141,0,0,0,0,0,0,0,0,0,0,0,0,0,0,0,0,1,1,0.00,0.00,0.00,0.00,1.00,0.00,0.00,79,7,0.05,0.08,0.01,0.29,0.00,0.00,0.00,0.00,normal.
0,tcp,finger,SF,9,275,0,0,0,0,0,0,0,0,0,0,0,0,0,0,0,0,1,1,0.00,0.00,0.00,0.00,1.00,0.00,0.00,255,10,0.04,0.02,0.00,0.00,0.00,0.00,0.00,0.00,normal.
63,tcp,finger,SF,7,224,0,0,0,0,0,0,0,0,0,0,0,0,0,0,0,0,1,1,0.00,0.00,0.00,0.00,1.00,0.00,0.00,158,8,0.03,0.45,0.01,0.25,0.00,0.00,0.42,0.00,normal.
0,tcp,finger,SF,6,147,0,0,0,0,0,0,0,0,0,0,0,0,0,0,0,0,1,1,0.00,0.00,0.00,0.00,1.00,0.00,0.00,29,7,0.03,0.10,0.03,0.43,0.03,0.00,0.00,0.00,normal.
0,tcp,finger,SF,8,138,0,0,0,0,0,0,0,0,0,0,0,0,0,0,0,0,1,1,0.00,0.00,0.00,0.00,1.00,0.00,0.00,146,7,0.05,0.04,0.01,0.00,0.00,0.00,0.00,0.00,normal.
0,tcp,finger,SF,9,268,0,0,0,0,0,0,0,0,0,0,0,0,0,0,0,0,1,1,0.00,0.00,0.00,0.00,1.00,0.00,0.00,21,8,0.05,0.10,0.05,0.38,0.00,0.12,0.05,0.00,normal.
0,tcp,finger,SF,6,147,0,0,0,0,0,0,0,0,0,0,0,0,0,0,0,0,1,1,0.00,0.00,0.00,0.00,1.00,0.00,0.00,21,5,0.05,0.19,0.05,0.40,0.00,0.00,0.00,0.00,normal.
0,tcp,finger,S0,0,0,0,0,0,0,0,0,0,0,0,0,0,0,0,0,0,0,290,20,1.00,1.00,0.00,0.00,0.07,0.05,0.00,255,20,0.08,0.05,0.00,0.00,1.00,1.00,0.00,0.00,neptune.
29,tcp,finger,SF,9,141,0,0,0,0,0,0,0,0,0,0,0,0,0,0,0,0,1,1,0.00,0.00,0.00,0.00,1.00,0.00,0.00,96,12,0.04,0.02,0.01,0.17,0.00,0.00,0.00,0.00,normal.
0,tcp,finger,SF,7,139,0,0,0,0,0,0,0,0,0,0,0,0,0,0,0,0,1,1,0.00,0.00,0.00,0.00,1.00,0.00,0.00,255,16,0.06,0.02,0.00,0.00,0.00,0.00,0.00,0.00,normal.
0,tcp,finger,SF,7,277,0,0,0,0,0,0,0,0,0,0,0,0,0,0,0,0,1,1,0.00,0.00,0.00,0.00,1.00,0.00,0.00,255,9,0.04,0.02,0.00,0.00,0.00,0.00,0.00,0.00,normal.
0,tcp,finger,SF,11,142,0,0,0,0,0,0,0,0,0,0,0,0,0,0,0,0,1,1,0.00,0.00,0.00,0.00,1.00,0.00,0.00,1,9,1.00,0.00,1.00,0.44,0.00,0.00,0.00,0.00,normal.
0,tcp,finger,S0,0,0,0,0,0,0,0,0,0,0,0,0,0,0,0,0,0,0,191,2,1.00,1.00,0.00,0.00,0.01,0.07,0.00,255,2,0.01,0.07,0.00,0.00,1.00,1.00,0.00,0.00,neptune.
