30,tcp,ftp,SF,1172,3380,0,0,0,24,0,1,0,0,0,0,0,0,0,0,0,1,1,1,0.00,0.00,0.00,0.00,1.00,0.00,0.00,160,27,0.17,0.04,0.01,0.00,0.01,0.00,0.00,0.00,normal.
24,tcp,ftp,SF,340,1063,0,0,0,6,0,1,0,0,0,0,0,0,0,0,0,1,1,1,0.00,0.00,0.00,0.00,1.00,0.00,0.00,75,17,0.23,0.09,0.01,0.00,0.00,0.00,0.00,0.00,normal.
27,tcp,ftp,SF,950,2720,0,0,0,19,0,1,0,0,0,0,0,0,0,0,0,1,1,1,0.00,0.00,0.00,0.00,1.00,0.00,0.00,33,1,0.03,0.09,0.03,0.00,0.00,0.00,0.00,0.00,normal.
0,tcp,ftp,RSTR,0,0,0,0,0,0,0,0,0,0,0,0,0,0,0,0,0,0,1,1,0.00,0.00,1.00,1.00,1.00,0.00,0.00,255,1,0.00,0.10,0.08,0.00,0.00,0.00,0.08,1.00,portsweep.
1,tcp,ftp,SF,1216,2449,0,0,0,28,0,1,0,0,0,0,0,0,0,0,0,1,1,1,0.00,0.00,0.00,0.00,1.00,0.00,0.00,255,126,0.49,0.02,0.00,0.00,0.00,0.00,0.00,0.00,warezclient.
0,tcp,ftp,S0,0,0,0,0,0,0,0,0,0,0,0,0,0,0,0,0,0,0,226,8,1.00,1.00,0.00,0.00,0.04,0.06,0.00,255,8,0.03,0.09,0.00,0.00,1.00,1.00,0.00,0.00,neptune.
35,tcp,ftp,SF,245,774,0,0,0,4,0,1,0,0,0,0,0,0,0,0,0,1,1,1,0.00,0.00,0.00,0.00,1.00,0.00,0.00,255,43,0.17,0.02,0.00,0.00,0.00,0.00,0.00,0.00,normal.
26,tcp,ftp,SF,295,903,0,0,0,5,0,1,0,0,0,0,0,0,0,0,0,1,1,1,0.00,0.00,0.00,0.00,1.00,0.00,0.00,31,11,0.35,0.10,0.03,0.00,0.00,0.00,0.00,0.00,normal.
23,tcp,ftp,SF,343,1069,0,0,0,6,0,1,0,0,0,0,0,0,0,0,0,1,1,1,0.00,0.00,0.00,0.00,1.00,0.00,0.00,151,60,0.40,0.03,0.01,0.00,0.00,0.00,0.00,0.00,normal.
0,tcp,ftp,RSTO,0,0,0,0,0,0,0,0,0,0,0,0,0,0,0,0,0,0,1,1,0.00,0.00,1.00,1.00,1.00,0.00,0.00,255,48,0.19,0.02,0.00,0.00,0.00,0.00,0.05,0.12,normal.
1,tcp,ftp,SF,1184,2445,0,0,0,28,0,1,0,0,0,0,0,0,0,0,0,1,1,1,0.00,0.00,0.00,0.00,1.00,0.00,0.00,255,39,0.15,0.02,0.00,0.00,0.07,0.00,0.00,0.00,warezclient.
28,tcp,ftp,SF,330,1063,0,0,0,6,0,1,0,0,0,0,0,0,0,0,0,1,1,1,0.00,0.00,0.00,0.00,1.00,0.00,0.00,255,38,0.15,0.02,0.00,0.00,0.00,0.00,0.00,0.00,normal.
0,tcp,ftp,S0,0,0,0,0,0,0,0,0,0,0,0,0,0,0,0,0,0,0,218,10,1.00,1.00,0.00,0.00,0.05,0.06,0.00,255,10,0.04,0.07,0.00,0.00,1.00,1.00,0.00,0.00,neptune.
26,tcp,ftp,SF,336,1063,0,0,0,6,0,1,0,0,0,0,0,0,0,0,0,1,1,1,0.00,0.00,0.00,0.00,1.00,0.00,0.00,255,48,0.19,0.03,0.00,0.00,0.00,0.00,0.00,0.00,normal.
2,tcp,ftp,SF,1262,2453,0,0,0,28,0,1,0,0,0,0,0,0,0,0,0,1,1,1,0.00,0.00,0.00,0.00,1.00,0.00,0.00,186,14,0.08,0.03,0.01,0.00,0.01,0.00,0.01,0.00,warezclient.
0,tcp,ftp,S0,0,0,0,0,0,0,0,0,0,0,0,0,0,0,0,0,0,0,298,25,1.00,1.00,0.00,0.00,0.08,0.05,0.00,255,25,0.10,0.05,0.00,0.00,1.00,1.00,0.00,0.00,neptune.
0,tcp,ftp,SF,1151,2445,0,0,0,28,0,1,0,0,0,0,0,0,0,0,0,1,1,1,0.00,0.00,0.00,0.00,1.00,0.00,0.00,255,110,0.43,0.02,0.00,0.00,0.00,0.00,0.00,0.00,warezclient.
0,tcp,ftp,SF,1197,2449,0,0,0,28,0,1,0,0,0,0,0,0,0,0,0,1,1,1,0.00,0.00,0.00,0.00,1.00,0.00,0.00,236,64,0.27,0.02,0.00,0.00,0.00,0.00,0.01,0.00,warezclient.
23,tcp,ftp,SF,240,773,0,0,0,4,0,1,0,0,0,0,0,0,0,0,0,1,1,1,0.00,0.00,0.00,0.00,1.00,0.00,0.00,21,6,0.29,0.10,0.05,0.00,0.00,0.00,0.00,0.00,normal.
0,tcp,ftp,S0,0,0,0,0,0,0,0,0,0,0,0,0,0,0,0,0,0,0,262,18,1.00,1.00,0.00,0.00,0.07,0.06,0.00,255,18,0.07,0.06,0.00,0.00,1.00,1.00,0.00,0.00,neptune.
28,tcp,ftp,SF,930,2720,0,0,0,19,0,1,0,0,0,0,0,0,0,0,0,1,2,1,0.00,0.00,0.00,0.00,0.50,1.00,0.00,61,15,0.25,0.10,0.02,0.00,0.00,0.00,0.00,0.00,normal.
30,tcp,ftp,SF,1067,3081,0,0,0,22,0,1,0,0,0,0,0,0,0,0,0,1,1,1,0.00,0.00,0.00,0.00,1.00,0.00,0.00,172,44,0.26,0.03,0.01,0.00,0.00,0.00,0.01,0.02,normal.
22,tcp,ftp,SF,321,1054,0,0,0,6,0,1,0,0,0,0,0,0,0,0,0,1,2,1,0.00,0.00,0.00,0.00,0.50,1.00,0.00,41,7,0.17,0.12,0.02,0.00,0.00,0.00,0.00,0.00,normal.
10125,tcp,ftp,SF,1018,2197,0,0,0,19,0,1,0,0,0,0,0,0,0,0,0,1,1,1,0.00,0.00,0.00,0.00,1.00,0.00,0.00,255,9,0.04,0.02,0.00,0.00,0.18,0.00,0.00,0.00,warezclient.
25,tcp,ftp,SF,327,1054,0,0,0,6,0,1,0,0,0,0,0,0,0,0,0,1,2,1,0.00,0.00,0.00,0.00,0.50,1.00,0.00,215,59,0.27,0.02,0.00,0.00,0.00,0.00,0.00,0.00,normal.
0,tcp,ftp,S0,0,0,0,0,0,0,0,0,0,0,0,0,0,0,0,0,0,0,288,20,1.00,1.00,0.00,0.00,0.07,0.06,0.00,255,20,0.08,0.06,0.00,0.00,1.00,1.00,0.00,0.00,neptune.
7,tcp,ftp,SF,1252,2451,0,0,0,28,0,1,0,0,0,0,0,0,0,0,0,1,1,1,0.00,0.00,0.00,0.00,1.00,0.00,0.00,243,71,0.29,0.02,0.00,0.00,0.00,0.00,0.01,0.00,warezclient.
30,tcp,ftp,SF,233,771,0,0,0,4,0,1,0,0,0,0,0,0,0,0,0,1,1,1,0.00,0.00,0.00,0.00,1.00,0.00,0.00,142,35,0.25,0.04,0.01,0.00,0.00,0.00,0.00,0.00,normal.
21,tcp,ftp,SF,245,773,0,0,0,4,0,1,0,0,0,0,0,0,0,0,0,1,1,1,0.00,0.00,0.00,0.00,1.00,0.00,0.00,55,14,0.25,0.05,0.02,0.00,0.00,0.00,0.00,0.00,normal.
27,tcp,ftp,SF,689,2077,0,0,0,14,0,1,0,0,0,0,0,0,0,0,0,1,1,1,0.00,0.00,0.00,0.00,1.00,0.00,0.00,20,11,0.55,0.15,0.05,0.00,0.00,0.00,0.00,0.00,normal.
27,tcp,ftp,SF,905,2586,0,0,0,18,0,1,0,0,0,0,0,0,0,0,0,1,1,1,0.00,0.00,0.00,0.00,1.00,0.00,0.00,255,48,0.19,0.03,0.00,0.00,0.00,0.00,0.00,0.00,normal.
0,tcp,ftp,S0,0,0,0,0,0,0,0,0,0,0,0,0,0,0,0,0,0,0,264,15,1.00,1.00,0.00,0.00,0.06,0.05,0.00,255,15,0.06,0.05,0.00,0.00,1.00,1.00,0.00,0.00,neptune.
22,tcp,ftp,SF,317,1054,0,0,0,6,0,1,0,0,0,0,0,0,0,0,0,1,1,1,0.00,0.00,0.00,0.00,1.00,0.00,0.00,160,23,0.14,0.03,0.01,0.00,0.00,0.00,0.00,0.00,normal.
26,tcp,ftp,SF,709,2077,0,0,0,14,0,1,0,0,0,0,0,0,0,0,0,1,1,1,0.00,0.00,0.00,0.00,1.00,0.00,0.00,228,59,0.26,0.03,0.00,0.00,0.00,0.00,0.00,0.00,normal.
7,tcp,ftp,SF,226,698,0,0,0,4,0,1,0,0,0,0,4,0,0,0,0,0,1,1,0.00,0.00,0.00,0.00,1.00,0.00,0.00,1,1,1.00,0.00,1.00,0.00,0.00,0.00,0.00,0.00,buffer_overflow.
3,tcp,ftp,SF,1256,2452,0,0,0,28,0,1,0,0,0,0,0,0,0,0,0,1,2,1,0.00,0.00,0.50,0.00,0.50,1.00,0.00,111,9,0.08,0.05,0.01,0.00,0.02,0.00,0.07,0.00,warezclient.
1,tcp,ftp,SF,1142,2443,0,0,0,28,0,1,0,0,0,0,0,0,0,0,0,1,1,1,0.00,0.00,0.00,0.00,1.00,0.00,0.00,201,29,0.14,0.02,0.00,0.00,0.00,0.00,0.01,0.00,warezclient.
31,tcp,ftp,SF,1145,3380,0,0,0,24,0,1,0,0,0,0,0,0,0,0,0,1,1,1,0.00,0.00,0.00,0.00,1.00,0.00,0.00,137,40,0.29,0.02,0.01,0.00,0.00,0.00,0.00,0.00,normal.
1,tcp,ftp,SF,1263,2451,0,0,0,28,0,1,0,0,0,0,0,0,0,0,0,1,1,1,0.00,0.00,0.00,0.00,1.00,0.00,0.00,242,70,0.29,0.02,0.00,0.00,0.00,0.00,0.01,0.00,warezclient.
1,tcp,ftp,SF,1222,2449,0,0,0,28,0,1,0,0,0,0,0,0,0,0,0,1,1,1,0.00,0.00,0.00,0.00,1.00,0.00,0.00,255,37,0.15,0.02,0.00,0.00,0.07,0.00,0.00,0.00,warezclient.
1,tcp,ftp,SF,1119,2443,0,0,0,28,0,1,0,0,0,0,0,0,0,0,0,1,1,1,0.00,0.00,0.00,0.00,1.00,0.00,0.00,255,139,0.55,0.02,0.00,0.00,0.00,0.00,0.00,0.00,warezclient.
26,tcp,ftp,SF,1507,4152,0,0,0,30,0,1,0,0,0,0,0,0,0,0,0,1,1,1,0.00,0.00,0.00,0.00,1.00,0.00,0.00,104,27,0.26,0.05,0.01,0.00,0.03,0.11,0.00,0.00,normal.
