0,tcp,ftp_data,SF,0,2072,0,0,0,1,0,1,0,1,0,0,0,0,0,0,0,0,3,3,0.00,0.00,0.00,0.00,1.00,0.00,0.00,4,84,1.00,0.00,1.00,0.02,0.00,0.00,0.00,0.00,buffer_overflow.
0,tcp,ftp_data,SF,554,0,0,0,0,0,0,1,0,0,0,6,0,0,0,0,0,0,1,1,0.00,0.00,0.00,0.00,1.00,0.00,0.00,57,14,0.25,0.05,0.25,0.00,0.00,0.00,0.00,0.00,normal.
0,tcp,ftp_data,SF,14052,0,0,0,0,0,0,0,0,0,0,0,0,0,0,0,0,0,3,3,0.00,0.00,0.00,0.00,1.00,0.00,0.00,168,27,0.14,0.04,0.14,0.07,0.00,0.00,0.00,0.00,normal.
0,tcp,ftp_data,SF,965,0,0,0,0,0,0,0,0,0,0,0,0,0,0,0,0,0,10,10,0.00,0.00,0.00,0.00,1.00,0.00,0.00,255,98,0.38,0.02,0.38,0.00,0.00,0.00,0.00,0.00,normal.
0,tcp,ftp_data,SF,748,0,0,0,0,0,0,1,0,0,0,9,0,0,0,0,0,0,1,1,0.00,0.00,0.00,0.00,1.00,0.00,0.00,39,46,0.15,0.10,0.15,0.04,0.00,0.00,0.00,0.00,normal.
0,tcp,ftp_data,SF,334,0,0,0,0,0,0,1,0,0,0,0,0,0,0,0,0,0,1,1,0.00,0.00,0.00,0.00,1.00,0.00,0.00,27,3,0.11,0.07,0.11,0.00,0.00,0.00,0.00,0.00,warezclient.
0,tcp,ftp_data,SF,334,0,0,0,0,0,0,1,0,0,0,0,0,0,0,0,0,0,2,2,0.00,0.00,0.00,0.00,0.50,1.00,1.00,6,24,0.83,0.33,1.00,0.12,0.00,0.00,0.00,0.00,warezclient.
0,tcp,ftp_data,SF,383,0,0,0,0,0,0,0,0,0,0,0,0,0,0,0,0,0,3,2,0.00,0.00,0.00,0.00,0.67,0.67,0.00,7,3,0.43,0.43,0.43,0.00,0.00,0.00,0.00,0.00,normal.
0,tcp,ftp_data,SF,748,0,0,0,0,0,0,1,0,0,0,9,0,0,0,0,0,0,1,1,0.00,0.00,0.00,0.00,1.00,0.00,0.00,158,44,0.12,0.02,0.12,0.05,0.00,0.00,0.00,0.00,normal.
0,tcp,ftp_data,SF,607,0,0,0,0,0,0,1,0,0,0,0,0,0,0,0,0,0,2,3,0.00,0.00,0.00,0.00,1.00,0.00,0.67,103,24,0.23,0.06,0.23,0.00,0.00,0.00,0.00,0.00,normal.
0,tcp,ftp_data,SF,567,0,0,0,0,0,0,1,0,0,0,6,0,0,0,0,0,0,2,1,0.00,0.00,0.00,0.00,0.50,1.00,0.00,2,88,0.50,1.00,0.50,0.02,0.00,0.00,0.00,0.00,normal.
0,tcp,ftp_data,SF,59,0,0,0,0,0,0,1,0,0,0,0,0,0,0,0,0,0,8,20,0.00,0.00,0.00,0.00,1.00,0.00,0.10,251,46,0.18,0.03,0.18,0.00,0.00,0.00,0.00,0.00,normal.
0,tcp,ftp_data,S0,0,0,0,0,0,0,0,0,0,0,0,0,0,0,0,0,0,0,55,18,0.98,1.00,0.02,0.00,0.33,0.07,0.00,255,14,0.05,0.06,0.00,0.00,1.00,1.00,0.00,0.00,neptune.
0,tcp,ftp_data,SF,12983,0,0,0,0,0,0,0,0,0,0,0,0,0,0,0,0,0,1,2,0.00,0.00,0.00,0.00,1.00,0.00,1.00,76,42,0.16,0.07,0.16,0.05,0.00,0.00,0.00,0.00,normal.
0,tcp,ftp_data,SF,13239,0,0,0,0,0,0,1,0,0,0,0,0,0,0,0,0,0,1,2,0.00,0.00,0.00,0.00,1.00,0.00,1.00,147,71,0.27,0.04,0.27,0.03,0.00,0.01,0.00,0.00,normal.
0,tcp,ftp_data,SF,1199,0,0,0,0,0,0,0,0,0,0,0,0,0,0,0,0,0,4,5,0.00,0.00,0.00,0.00,1.00,0.00,0.40,74,66,0.14,0.05,0.14,0.03,0.00,0.02,0.00,0.00,normal.
0,tcp,ftp_data,SF,641,0,0,0,0,0,0,1,0,0,0,0,0,0,0,0,0,0,2,10,0.00,0.00,0.00,0.00,1.00,0.00,0.20,213,92,0.43,0.01,0.43,0.00,0.00,0.00,0.00,0.00,normal.
0,tcp,ftp_data,SF,5891,0,0,0,0,0,0,1,0,0,0,0,0,0,0,0,0,0,16,16,0.00,0.00,0.00,0.00,1.00,0.00,0.00,144,43,0.24,0.03,0.24,0.05,0.00,0.00,0.00,0.00,normal.
0,tcp,ftp_data,SF,334,0,0,0,0,0,0,1,0,0,0,0,0,0,0,0,0,0,2,2,0.00,0.00,0.00,0.00,1.00,0.00,0.00,10,49,1.00,0.00,1.00,0.14,0.00,0.00,0.00,0.00,warezclient.
0,tcp,ftp_data,SF,7077,0,0,0,0,0,0,1,0,0,0,0,0,0,0,0,0,0,4,5,0.00,0.00,0.00,0.00,1.00,0.00,0.40,244,103,0.42,0.03,0.42,0.00,0.00,0.00,0.00,0.00,normal.
0,tcp,ftp_data,SF,13239,0,0,0,0,0,0,1,0,0,0,0,0,0,0,0,0,0,8,8,0.00,0.00,0.00,0.00,1.00,0.00,0.00,255,21,0.08,0.01,0.08,0.00,0.00,0.00,0.00,0.00,normal.
0,tcp,ftp_data,SF,245,0,0,0,0,0,0,1,0,0,0,1,0,0,0,0,0,0,2,2,0.00,0.00,0.00,0.00,1.00,0.00,0.00,140,50,0.25,0.51,0.24,0.04,0.00,0.00,0.46,0.02,normal.
0,tcp,ftp_data,SF,1766,0,0,0,0,0,0,1,0,0,0,0,0,0,0,0,0,0,2,2,0.00,0.00,0.00,0.00,1.00,0.00,0.00,101,52,0.10,0.03,0.10,0.04,0.00,0.00,0.00,0.00,normal.
0,tcp,ftp_data,SF,4316,0,0,0,0,0,0,0,0,0,0,0,0,0,0,0,0,0,5,5,0.00,0.00,0.00,0.00,1.00,0.00,0.00,59,49,0.19,0.08,0.19,0.04,0.00,0.00,0.03,0.00,normal.
0,tcp,ftp_data,SF,1214,0,0,0,0,0,0,0,0,0,0,0,0,0,0,0,0,0,2,2,0.00,0.00,0.00,0.00,1.00,0.00,0.00,71,36,0.20,0.06,0.20,0.06,0.00,0.00,0.03,0.00,normal.
0,tcp,ftp_data,SF,641,0,0,0,0,0,0,1,0,0,0,0,0,0,0,0,0,0,2,2,0.00,0.00,0.00,0.00,1.00,0.00,0.00,17,54,0.29,0.18,0.29,0.04,0.00,0.00,0.00,0.00,normal.
0,tcp,ftp_data,SF,383,0,0,0,0,0,0,1,0,0,0,0,0,0,0,0,0,0,2,2,0.00,0.00,0.00,0.00,1.00,0.00,0.00,135,44,0.23,0.04,0.23,0.05,0.00,0.00,0.00,0.00,normal.
0,tcp,ftp_data,SF,334,0,0,0,0,0,0,1,0,0,0,0,0,0,0,0,0,0,2,2,0.00,0.00,0.00,0.00,1.00,0.00,0.00,2,6,1.00,0.00,1.00,0.50,0.00,0.00,0.00,0.00,warezclient.
0,tcp,ftp_data,SF,334,0,0,0,0,0,0,1,0,0,0,0,0,0,0,0,0,0,2,2,0.00,0.00,0.00,0.00,1.00,0.00,0.00,2,6,1.00,0.00,1.00,0.50,0.00,0.00,0.00,0.00,warezclient.
0,tcp,ftp_data,SF,334,0,0,0,0,0,0,1,0,0,0,0,0,0,0,0,0,0,2,2,0.00,0.00,0.00,0.00,1.00,0.00,0.00,2,6,1.00,0.00,1.00,0.50,0.00,0.00,0.00,0.00,warezclient.
0,tcp,ftp_data,SF,2881,0,0,0,0,0,0,1,0,0,0,0,0,0,0,0,0,0,7,7,0.00,0.00,0.00,0.00,1.00,0.00,0.00,42,69,0.60,0.10,0.60,0.03,0.00,0.00,0.00,0.00,normal.
0,tcp,ftp_data,SF,12165,0,0,0,0,0,0,1,0,0,0,0,0,0,0,0,0,0,4,4,0.00,0.00,0.00,0.00,1.00,0.00,0.00,18,63,0.78,0.11,0.78,0.03,0.00,0.02,0.00,0.00,normal.
0,tcp,ftp_data,SF,192,0,0,0,0,0,0,1,0,0,0,0,0,0,0,0,0,0,1,1,0.00,0.00,0.00,0.00,1.00,0.00,0.00,85,99,0.34,0.07,0.34,0.03,0.01,0.00,0.00,0.00,normal.
0,tcp,ftp_data,SF,879,0,0,0,0,0,0,1,0,0,0,0,0,0,0,0,0,0,8,8,0.00,0.00,0.00,0.00,1.00,0.00,0.00,190,64,0.32,0.08,0.36,0.03,0.02,0.02,0.00,0.00,normal.
0,tcp,ftp_data,SF,3690,0,0,0,0,0,0,1,0,0,0,0,0,0,0,0,0,0,8,8,0.00,0.00,0.00,0.00,1.00,0.00,0.00,90,18,0.20,0.06,0.20,0.00,0.00,0.00,0.00,0.00,normal.
0,tcp,ftp_data,SF,1470,0,0,0,0,0,0,1,0,0,0,0,0,0,0,0,0,0,4,4,0.00,0.00,0.00,0.00,1.00,0.00,0.00,113,56,0.14,0.15,0.23,0.04,0.03,0.02,0.00,0.00,normal.
0,tcp,ftp_data,SF,554,0,0,0,0,0,0,1,0,0,0,6,0,0,0,0,0,0,1,1,0.00,0.00,0.00,0.00,1.00,0.00,0.00,197,50,0.25,0.02,0.25,0.00,0.00,0.00,0.00,0.00,normal.
4,tcp,ftp_data,SF,832,0,0,0,0,0,0,1,0,0,0,0,0,0,0,0,0,0,1,1,0.00,0.00,0.00,0.00,1.00,0.00,0.00,10,45,1.00,0.00,1.00,0.13,0.00,0.02,0.00,0.00,warezclient.
0,tcp,ftp_data,SF,641,0,0,0,0,0,0,1,0,0,0,0,0,0,0,0,0,0,1,1,0.00,0.00,0.00,0.00,1.00,0.00,0.00,83,77,0.18,0.08,0.13,0.03,0.01,0.03,0.00,0.00,normal.
0,tcp,ftp_data,SF,1153,0,0,0,0,0,0,1,0,0,0,0,0,0,0,0,0,0,3,2,0.00,0.00,0.00,0.00,0.67,0.67,0.00,9,102,0.67,0.44,0.67,0.02,0.00,0.00,0.00,0.00,normal.
0,tcp,ftp_data,SF,192,0,0,0,0,0,0,1,0,0,0,0,0,0,0,0,0,0,2,2,0.00,0.00,0.00,0.00,1.00,0.00,0.00,97,45,0.46,0.03,0.46,0.00,0.00,0.00,0.00,0.00,normal.
0,tcp,ftp_data,S0,0,0,0,0,0,0,0,0,0,0,0,0,0,0,0,0,0,0,19,5,1.00,1.00,0.00,0.00,0.26,0.21,0.00,255,39,0.15,0.05,0.01,0.00,1.00,1.00,0.00,0.00,neptune.
0,tcp,ftp_data,SF,15377,0,0,0,0,0,0,1,0,0,0,0,0,0,0,0,0,0,4,4,0.00,0.00,0.00,0.00,1.00,0.00,0.00,74,47,0.28,0.09,0.28,0.04,0.00,0.00,0.00,0.00,normal.
0,tcp,ftp_data,SF,748,0,0,0,0,0,0,1,0,0,0,9,0,0,0,0,0,0,1,1,0.00,0.00,0.00,0.00,1.00,0.00,0.00,222,45,0.18,0.02,0.18,0.04,0.00,0.00,0.00,0.00,normal.
0,tcp,ftp_data,SF,748,0,0,0,0,0,0,0,0,0,0,0,0,0,0,0,0,0,1,1,0.00,0.00,0.00,0.00,1.00,0.00,0.00,117,53,0.26,0.03,0.26,0.04,0.00,0.00,0.00,0.00,normal.
0,tcp,ftp_data,SF,607,0,0,0,0,0,0,1,0,0,0,0,0,0,0,0,0,0,2,2,0.00,0.00,0.00,0.00,1.00,0.00,0.00,255,87,0.34,0.03,0.34,0.00,0.00,0.00,0.00,0.00,normal.
0,tcp,ftp_data,SF,334,0,0,0,0,0,0,1,0,0,0,0,0,0,0,0,0,0,1,1,0.00,0.00,0.00,0.00,1.00,0.00,0.00,8,33,1.00,0.00,1.00,0.15,0.00,0.00,0.00,0.00,warezclient.
0,tcp,ftp_data,SF,334,0,0,0,0,0,0,1,0,0,0,0,0,0,0,0,0,0,1,1,0.00,0.00,0.00,0.00,1.00,0.00,0.00,5,15,1.00,0.00,1.00,0.20,0.00,0.00,0.00,0.00,warezclient.
0,tcp,ftp_data,SF,334,0,0,0,0,0,0,1,0,0,0,0,0,0,0,0,0,0,1,1,0.00,0.00,0.00,0.00,1.00,0.00,0.00,5,15,1.00,0.00,1.00,0.20,0.00,0.00,0.00,0.00,warezclient.
0,tcp,ftp_data,SF,334,0,0,0,0,0,0,1,0,0,0,0,0,0,0,0,0,0,1,1,0.00,0.00,0.00,0.00,1.00,0.00,0.00,5,15,1.00,0.00,1.00,0.20,0.00,0.00,0.00,0.00,warezclient.
0,tcp,ftp_data,SF,383,0,0,0,0,0,0,1,0,0,0,0,0,0,0,0,0,0,2,2,0.00,0.00,0.00,0.00,1.00,0.00,0.00,18,72,0.17,0.11,0.17,0.03,0.00,0.00,0.00,0.00,normal.
0,tcp,ftp_data,SF,3775,0,0,0,0,0,0,0,0,0,0,0,0,0,0,0,0,0,22,22,0.00,0.00,0.00,0.00,1.00,0.00,0.00,100,77,0.28,0.05,0.28,0.03,0.01,0.00,0.00,0.00,normal.
0,tcp,ftp_data,SF,0,7012,0,0,0,0,0,0,0,0,0,0,0,0,0,0,0,0,1,4,0.00,0.25,0.00,0.00,1.00,0.00,0.50,255,92,0.36,0.03,0.00,0.00,0.00,0.00,0.00,0.00,normal.
0,tcp,ftp_data,SF,245,0,0,0,0,0,0,1,0,0,0,1,0,0,0,0,0,0,2,2,0.00,0.00,0.00,0.00,1.00,0.00,0.00,129,62,0.48,0.03,0.48,0.00,0.00,0.00,0.00,0.00,normal.
0,tcp,ftp_data,SF,245,0,0,0,0,0,0,1,0,0,0,1,0,0,0,0,0,0,2,2,0.00,0.00,0.00,0.00,1.00,0.00,0.00,62,65,0.26,0.06,0.26,0.03,0.00,0.00,0.00,0.00,normal.
0,tcp,ftp_data,SF,866,0,0,0,0,0,0,0,0,0,0,0,0,0,0,0,0,0,1,1,0.00,0.00,0.00,0.00,1.00,0.00,0.00,1,1,1.00,0.00,1.00,0.00,0.00,0.00,0.00,0.00,multihop.
0,tcp,ftp_data,SF,245,0,0,0,0,0,0,1,0,0,0,1,0,0,0,0,0,0,1,1,0.00,0.00,0.00,0.00,1.00,0.00,0.00,243,70,0.29,0.03,0.28,0.00,0.00,0.00,0.00,0.00,normal.
0,tcp,ftp_data,SF,334,0,0,0,0,0,0,1,0,0,0,0,0,0,0,0,0,0,2,2,0.00,0.00,0.00,0.00,1.00,0.00,0.00,7,41,1.00,0.00,1.00,0.15,0.00,0.02,0.00,0.00,warezclient.
0,tcp,ftp_data,SF,1376,0,0,0,0,0,0,1,0,0,0,0,0,0,0,0,0,0,5,5,0.00,0.00,0.00,0.00,1.00,0.00,0.00,185,73,0.31,0.04,0.31,0.03,0.00,0.00,0.00,0.00,normal.
0,tcp,ftp_data,SF,641,0,0,0,0,0,0,1,0,0,0,0,0,0,0,0,0,0,1,1,0.00,0.00,0.00,0.00,1.00,0.00,0.00,165,79,0.48,0.04,0.48,0.00,0.00,0.00,0.00,0.00,normal.
0,tcp,ftp_data,SF,641,0,0,0,0,0,0,0,0,0,0,0,0,0,0,0,0,0,2,2,0.00,0.00,0.00,0.00,1.00,0.00,0.00,19,11,0.58,0.11,0.58,0.00,0.00,0.00,0.00,0.00,normal.
0,tcp,ftp_data,SF,383,0,0,0,0,0,0,1,0,0,0,0,0,0,0,0,0,0,2,2,0.00,0.00,0.00,0.00,1.00,0.00,0.00,18,86,0.17,0.17,0.17,0.03,0.00,0.00,0.00,0.00,normal.
0,tcp,ftp_data,SF,383,0,0,0,0,0,0,1,0,0,0,0,0,0,0,0,0,0,2,2,0.00,0.00,0.00,0.00,1.00,0.00,0.00,63,98,0.73,0.06,0.73,0.03,0.00,0.00,0.00,0.00,normal.
0,tcp,ftp_data,SF,4539,0,0,0,0,0,0,1,0,0,0,0,0,0,0,0,0,0,14,14,0.00,0.00,0.00,0.00,1.00,0.00,0.00,66,43,0.30,0.09,0.30,0.05,0.00,0.00,0.00,0.00,normal.
0,tcp,ftp_data,SF,10272,0,0,0,0,0,0,1,0,0,0,0,1,0,0,0,0,0,10,10,0.00,0.00,0.00,0.00,1.00,0.00,0.00,255,16,0.06,0.62,0.06,0.00,0.00,0.00,0.00,0.00,normal.
0,tcp,ftp_data,SF,12165,0,0,0,0,0,0,1,0,0,0,0,0,0,0,0,0,0,5,5,0.00,0.00,0.00,0.00,1.00,0.00,0.00,251,66,0.26,0.03,0.27,0.00,0.00,0.02,0.00,0.00,normal.
0,tcp,ftp_data,SF,3468,0,0,0,0,0,0,1,0,0,0,0,0,0,0,0,0,0,22,22,0.00,0.00,0.00,0.00,1.00,0.00,0.00,71,102,0.54,0.07,0.54,0.02,0.00,0.00,0.00,0.00,normal.
0,tcp,ftp_data,SF,245,0,0,0,0,0,0,1,0,0,0,1,0,0,0,0,0,0,1,2,0.00,0.00,0.00,0.00,1.00,0.00,1.00,255,2,0.01,0.65,0.01,0.00,0.00,0.00,0.00,0.00,normal.
0,tcp,ftp_data,SF,1214,0,0,0,0,0,0,1,0,0,0,0,0,0,0,0,0,0,14,14,0.00,0.00,0.00,0.00,1.00,0.00,0.00,159,91,0.38,0.03,0.38,0.02,0.01,0.00,0.00,0.00,normal.
0,tcp,ftp_data,SF,334,0,0,0,0,0,0,1,0,0,0,0,0,0,0,0,0,0,2,2,0.00,0.00,0.00,0.00,1.00,0.00,0.00,8,18,1.00,0.00,1.00,0.22,0.00,0.00,0.00,0.00,warezclient.
0,tcp,ftp_data,SF,15876,0,0,0,0,0,0,1,0,0,0,0,0,0,0,0,0,0,17,17,0.00,0.00,0.00,0.00,1.00,0.00,0.00,97,65,0.24,0.03,0.24,0.05,0.00,0.00,0.00,0.00,normal.
0,tcp,ftp_data,SF,1874,0,0,0,0,0,0,1,0,0,0,0,0,0,0,0,0,0,16,16,0.00,0.00,0.00,0.00,1.00,0.00,0.00,254,66,0.26,0.08,0.31,0.00,0.01,0.02,0.00,0.00,normal.
0,tcp,ftp_data,SF,334,0,0,0,0,0,0,1,0,0,0,0,0,0,0,0,0,0,1,1,0.00,0.00,0.00,0.00,1.00,0.00,0.00,1,5,1.00,0.00,1.00,0.60,0.00,0.00,0.00,0.00,warezclient.
0,tcp,ftp_data,SF,334,0,0,0,0,0,0,1,0,0,0,0,0,0,0,0,0,0,1,1,0.00,0.00,0.00,0.00,1.00,0.00,0.00,1,5,1.00,0.00,1.00,0.60,0.00,0.00,0.00,0.00,warezclient.
0,tcp,ftp_data,SF,334,0,0,0,0,0,0,1,0,0,0,0,0,0,0,0,0,0,1,1,0.00,0.00,0.00,0.00,1.00,0.00,0.00,1,5,1.00,0.00,1.00,0.60,0.00,0.00,0.00,0.00,warezclient.
0,tcp,ftp_data,SF,334,0,0,0,0,0,0,1,0,0,0,0,0,0,0,0,0,0,1,1,0.00,0.00,0.00,0.00,1.00,0.00,0.00,1,5,1.00,0.00,1.00,0.60,0.00,0.00,0.00,0.00,warezclient.
0,tcp,ftp_data,SF,641,0,0,0,0,0,0,1,0,0,0,0,0,0,0,0,0,0,1,3,0.00,0.00,0.00,0.00,1.00,0.00,0.67,101,77,0.25,0.07,0.25,0.03,0.00,0.00,0.00,0.00,normal.
0,tcp,ftp_data,SF,334,0,0,0,0,0,0,1,0,0,0,0,0,0,0,0,0,0,1,1,0.00,0.00,0.00,0.00,1.00,0.00,0.00,1,54,1.00,0.00,1.00,0.13,0.00,0.02,0.00,0.00,warezclient.
0,tcp,ftp_data,SF,26408,0,0,0,0,0,0,1,0,0,0,0,0,0,0,0,0,0,9,9,0.00,0.00,0.00,0.00,1.00,0.00,0.00,157,56,0.22,0.03,0.22,0.04,0.00,0.00,0.02,0.00,normal.
0,tcp,ftp_data,SF,748,0,0,0,0,0,0,1,0,0,0,9,0,0,0,0,0,0,1,2,0.00,0.00,0.00,0.00,1.00,0.00,1.00,226,69,0.31,0.06,0.35,0.00,0.00,0.01,0.02,0.00,normal.
0,tcp,ftp_data,SF,9198,0,0,0,0,0,0,1,0,0,0,0,0,0,0,0,0,0,7,7,0.00,0.00,0.00,0.00,1.00,0.00,0.00,44,84,0.43,0.07,0.43,0.02,0.00,0.00,0.00,0.00,normal.
4,tcp,ftp_data,SF,832,0,0,0,0,0,0,1,0,0,0,0,0,0,0,0,0,0,1,1,0.00,0.00,0.00,0.00,1.00,0.00,0.00,7,37,1.00,0.00,1.00,0.14,0.00,0.00,0.00,0.00,warezclient.
0,tcp,ftp_data,SF,3775,0,0,0,0,0,0,1,0,0,0,0,0,0,0,0,0,0,19,19,0.00,0.00,0.00,0.00,1.00,0.00,0.00,33,43,0.76,0.06,0.76,0.05,0.00,0.00,0.00,0.00,normal.
0,tcp,ftp_data,SF,10389,0,0,0,0,0,0,1,0,0,0,0,0,0,0,0,0,0,8,9,0.00,0.00,0.00,0.00,1.00,0.00,0.22,28,56,0.50,0.11,0.50,0.05,0.00,0.00,0.00,0.00,normal.
0,tcp,ftp_data,SF,12165,0,0,0,0,0,0,1,0,0,0,0,0,0,0,0,0,0,2,2,0.00,0.00,0.00,0.00,1.00,0.00,0.00,116,55,0.23,0.03,0.23,0.04,0.00,0.00,0.00,0.00,normal.
0,tcp,ftp_data,S0,0,0,0,0,0,0,0,0,0,0,0,0,0,0,0,0,0,0,28,2,1.00,1.00,0.00,0.00,0.07,0.14,0.00,255,42,0.16,0.03,0.00,0.00,1.00,1.00,0.00,0.00,neptune.
0,tcp,ftp_data,SF,6601,0,0,0,0,0,0,1,0,0,0,0,0,0,0,0,0,0,13,13,0.00,0.00,0.00,0.00,1.00,0.00,0.00,70,97,0.79,0.04,0.79,0.02,0.00,0.00,0.00,0.00,normal.
0,tcp,ftp_data,SF,192,0,0,0,0,0,0,1,0,0,0,0,0,0,0,0,0,0,2,2,0.00,0.00,0.00,0.00,1.00,0.00,0.00,84,20,0.24,0.04,0.24,0.00,0.00,0.00,0.00,0.00,normal.
0,tcp,ftp_data,SF,14189,0,0,0,0,0,0,1,0,0,0,0,0,0,0,0,0,0,3,3,0.00,0.00,0.00,0.00,1.00,0.00,0.00,237,127,0.54,0.03,0.54,0.00,0.00,0.01,0.00,0.00,normal.
0,tcp,ftp_data,SF,1830,0,0,0,0,0,0,1,0,0,0,0,0,0,0,0,0,0,6,6,0.00,0.00,0.00,0.00,1.00,0.00,0.00,255,63,0.25,0.02,0.25,0.00,0.00,0.00,0.00,0.00,normal.
10,tcp,ftp_data,SF,0,5150841,0,0,0,0,0,0,0,0,0,0,0,0,0,0,0,0,1,1,0.00,0.00,0.00,0.00,1.00,0.00,0.00,10,10,1.00,0.00,1.00,0.00,0.00,0.00,0.00,0.00,warezmaster.
0,tcp,ftp_data,SF,4316,0,0,0,0,0,0,1,0,0,0,0,0,1,0,0,0,0,6,6,0.00,0.00,0.00,0.00,1.00,0.00,0.00,224,119,0.53,0.02,0.53,0.00,0.00,0.00,0.00,0.00,normal.
0,tcp,ftp_data,SF,3482,0,0,0,0,0,0,1,0,0,0,0,0,0,0,0,0,0,1,1,0.00,0.00,0.00,0.00,1.00,0.00,0.00,157,60,0.27,0.02,0.27,0.03,0.00,0.00,0.00,0.00,normal.
0,tcp,ftp_data,SF,7233,0,0,0,0,0,0,1,0,0,0,0,0,0,0,0,0,0,13,13,0.00,0.00,0.00,0.00,1.00,0.00,0.00,60,104,0.32,0.07,0.32,0.02,0.00,0.00,0.00,0.00,normal.
0,tcp,ftp_data,SF,334,0,0,0,0,0,0,1,0,0,0,0,0,0,0,0,0,0,2,2,0.00,0.00,0.00,0.00,1.00,0.00,0.00,8,28,1.00,0.00,1.00,0.11,0.00,0.00,0.00,0.00,warezclient.
0,tcp,ftp_data,S0,0,0,0,0,0,0,0,0,0,0,0,0,0,0,0,0,0,0,80,20,1.00,1.00,0.00,0.00,0.25,0.05,0.00,255,59,0.23,0.04,0.00,0.00,1.00,1.00,0.00,0.00,neptune.
0,tcp,ftp_data,SF,334,0,0,0,0,0,0,1,0,0,0,0,0,0,0,0,0,0,1,1,0.00,0.00,0.00,0.00,1.00,0.00,0.00,7,18,1.00,0.00,1.00,0.11,0.00,0.00,0.00,0.00,warezclient.
0,tcp,ftp_data,SF,0,5636,0,0,0,0,0,1,2,0,0,2,0,0,0,0,0,0,1,1,0.00,0.00,0.00,0.00,1.00,0.00,0.00,1,41,1.00,0.00,1.00,0.10,0.00,0.00,0.00,0.00,rootkit.
0,tcp,ftp_data,SF,4753,0,0,0,0,0,0,1,0,0,0,0,0,1,0,0,0,0,5,5,0.00,0.00,0.00,0.00,1.00,0.00,0.00,163,64,0.37,0.02,0.37,0.03,0.00,0.00,0.00,0.00,normal.
0,tcp,ftp_data,SF,884,0,0,0,0,0,0,0,0,0,0,0,0,0,0,0,0,0,2,2,0.00,0.00,0.00,0.00,1.00,0.00,0.00,50,6,0.12,0.08,0.12,0.00,0.00,0.00,0.00,0.00,normal.
0,tcp,ftp_data,SF,965,0,0,0,0,0,0,1,0,0,0,0,0,0,0,0,0,0,22,22,0.00,0.00,0.00,0.00,1.00,0.00,0.00,80,103,0.80,0.04,0.80,0.02,0.00,0.00,0.00,0.00,normal.
0,tcp,ftp_data,SF,383,0,0,0,0,0,0,1,0,0,0,0,0,0,0,0,0,0,2,2,0.00,0.00,0.00,0.00,1.00,0.00,0.00,30,60,0.70,0.07,0.70,0.05,0.00,0.00,0.00,0.00,normal.
0,tcp,ftp_data,SF,26,0,0,0,0,0,0,1,0,0,0,0,0,0,0,0,0,0,1,2,0.00,0.00,0.00,0.00,1.00,0.00,1.00,240,47,0.20,0.02,0.20,0.00,0.00,0.00,0.00,0.00,normal.
0,tcp,ftp_data,SF,383,0,0,0,0,0,0,1,0,0,0,0,0,0,0,0,0,0,2,2,0.00,0.00,0.00,0.00,1.00,0.00,0.00,153,59,0.34,0.03,0.34,0.03,0.00,0.00,0.00,0.00,normal.
0,tcp,ftp_data,SF,252,0,0,0,0,0,0,1,0,0,0,0,0,0,0,0,0,0,2,2,0.00,0.00,0.00,0.00,1.00,0.00,0.00,168,48,0.29,0.02,0.29,0.00,0.00,0.00,0.00,0.00,normal.
0,tcp,ftp_data,SF,965,0,0,0,0,0,0,1,0,0,0,0,0,0,0,0,0,0,19,19,0.00,0.00,0.00,0.00,1.00,0.00,0.00,36,25,0.69,0.08,0.69,0.00,0.00,0.00,0.00,0.00,normal.
0,tcp,ftp_data,SF,10044,0,0,0,0,0,0,1,0,0,0,0,0,0,0,0,0,0,7,7,0.00,0.00,0.00,0.00,1.00,0.00,0.00,183,45,0.25,0.06,0.28,0.00,0.01,0.02,0.00,0.00,normal.
0,tcp,ftp_data,SF,5891,0,0,0,0,0,0,0,0,0,0,0,0,0,0,0,0,0,14,14,0.00,0.00,0.00,0.00,1.00,0.00,0.00,111,44,0.34,0.05,0.35,0.05,0.01,0.02,0.00,0.00,normal.
0,tcp,ftp_data,SF,3888,0,0,0,0,0,0,1,0,0,0,0,0,0,0,0,0,0,17,17,0.00,0.00,0.00,0.00,1.00,0.00,0.00,254,86,0.34,0.02,0.34,0.00,0.00,0.00,0.00,0.00,normal.
0,tcp,ftp_data,SF,1556,0,0,0,0,0,0,1,0,0,0,0,0,0,0,0,0,0,9,9,0.00,0.00,0.00,0.00,1.00,0.00,0.00,16,125,0.94,0.12,0.94,0.02,0.00,0.01,0.00,0.00,normal.
0,tcp,ftp_data,SF,88382,0,0,0,0,0,0,0,0,0,0,0,0,0,0,0,0,0,1,1,0.00,0.00,0.00,0.00,1.00,0.00,0.00,141,51,0.36,0.03,0.36,0.00,0.00,0.00,0.00,0.00,normal.
0,tcp,ftp_data,SF,960,0,0,0,0,0,0,0,0,0,0,0,0,0,0,0,0,0,2,1,0.00,0.00,0.00,0.00,0.50,1.00,0.00,205,28,0.14,0.03,0.14,0.00,0.00,0.00,0.00,0.00,normal.
0,tcp,ftp_data,SF,7196,0,0,0,0,0,0,1,0,0,0,0,0,0,0,0,0,0,9,9,0.00,0.00,0.00,0.00,1.00,0.00,0.00,184,90,0.36,0.03,0.36,0.02,0.00,0.00,0.00,0.00,normal.
0,tcp,ftp_data,SF,334,0,0,0,0,0,0,1,0,0,0,0,0,0,0,0,0,0,2,2,0.00,0.00,0.00,0.00,1.00,0.00,0.00,11,48,1.00,0.00,1.00,0.10,0.00,0.00,0.00,0.00,warezclient.
0,tcp,ftp_data,SF,334,0,0,0,0,0,0,1,0,0,0,0,0,0,0,0,0,0,2,2,0.00,0.00,0.00,0.00,1.00,0.00,0.00,4,14,1.00,0.00,1.00,0.21,0.00,0.00,0.00,0.00,warezclient.
0,tcp,ftp_data,SF,334,0,0,0,0,0,0,1,0,0,0,0,0,0,0,0,0,0,2,2,0.00,0.00,0.00,0.00,1.00,0.00,0.00,4,14,1.00,0.00,1.00,0.21,0.00,0.00,0.00,0.00,warezclient.
0,tcp,ftp_data,SF,334,0,0,0,0,0,0,1,0,0,0,0,0,0,0,0,0,0,2,2,0.00,0.00,0.00,0.00,1.00,0.00,0.00,4,14,1.00,0.00,1.00,0.21,0.00,0.00,0.00,0.00,warezclient.
0,tcp,ftp_data,SF,748,0,0,0,0,0,0,1,0,0,0,9,0,0,0,0,0,0,1,1,0.00,0.00,0.00,0.00,1.00,0.00,0.00,192,72,0.26,0.37,0.26,0.03,0.00,0.00,0.34,0.01,normal.
12,tcp,ftp_data,SF,7045,0,0,0,0,0,0,1,0,0,0,0,0,0,0,0,0,0,1,1,0.00,0.00,0.00,0.00,1.00,0.00,0.00,255,62,0.24,0.13,0.34,0.00,0.02,0.02,0.00,0.00,warezclient.
0,tcp,ftp_data,SF,879,0,0,0,0,0,0,1,0,0,0,0,0,0,0,0,0,0,5,5,0.00,0.00,0.00,0.00,1.00,0.00,0.00,202,81,0.29,0.04,0.29,0.02,0.01,0.00,0.00,0.00,normal.
0,tcp,ftp_data,SF,1556,0,0,0,0,0,0,1,0,0,0,0,0,0,0,0,0,0,1,1,0.00,0.00,0.00,0.00,1.00,0.00,0.00,166,28,0.17,0.04,0.17,0.00,0.00,0.00,0.00,0.00,normal.
0,tcp,ftp_data,SF,567,0,0,0,0,0,0,0,0,0,0,0,0,0,0,0,0,0,1,1,0.00,0.00,0.00,0.00,1.00,0.00,0.00,113,37,0.18,0.04,0.18,0.05,0.03,0.00,0.00,0.00,normal.
0,tcp,ftp_data,SF,7012,0,0,0,0,0,0,1,0,0,0,0,0,0,0,0,0,0,11,11,0.00,0.00,0.00,0.00,1.00,0.00,0.00,53,42,0.43,0.04,0.43,0.05,0.00,0.02,0.00,0.00,normal.
0,tcp,ftp_data,SF,374,0,0,0,0,0,0,1,0,0,0,0,0,0,0,0,0,0,4,4,0.00,0.00,0.00,0.00,1.00,0.00,0.00,177,68,0.38,0.04,0.38,0.00,0.00,0.00,0.00,0.00,normal.
0,tcp,ftp_data,SF,3690,0,0,0,0,0,0,1,0,0,0,0,0,0,0,0,0,0,8,8,0.00,0.00,0.00,0.00,1.00,0.00,0.00,87,60,0.41,0.06,0.41,0.03,0.00,0.00,0.00,0.00,normal.
0,tcp,ftp_data,S0,0,0,0,0,0,0,0,0,0,0,0,0,0,0,0,0,0,0,238,11,1.00,1.00,0.00,0.00,0.05,0.06,0.00,255,11,0.04,0.07,0.00,0.00,1.00,1.00,0.00,0.00,neptune.
0,tcp,ftp_data,SF,172,0,0,0,0,0,0,1,0,0,0,0,0,0,0,0,0,0,1,1,0.00,0.00,0.00,0.00,1.00,0.00,0.00,255,100,0.39,0.02,0.39,0.00,0.00,0.00,0.00,0.00,normal.
0,tcp,ftp_data,SF,554,0,0,0,0,0,0,1,0,0,0,6,0,0,0,0,0,0,2,2,0.00,0.00,0.00,0.00,1.00,0.00,0.00,28,61,0.07,0.11,0.07,0.03,0.00,0.02,0.00,0.00,normal.
0,tcp,ftp_data,SF,1470,0,0,0,0,0,0,1,0,0,0,0,0,0,0,0,0,0,10,10,0.00,0.00,0.00,0.00,1.00,0.00,0.00,41,86,0.39,0.10,0.39,0.02,0.00,0.00,0.02,0.00,normal.
0,tcp,ftp_data,SF,7940,0,0,0,0,0,0,1,0,0,0,0,2,0,0,0,0,0,9,9,0.00,0.00,0.00,0.00,1.00,0.00,0.00,121,46,0.20,0.12,0.30,0.04,0.01,0.02,0.00,0.00,normal.
5057,tcp,ftp_data,SF,5133876,0,0,0,0,1,0,1,0,0,0,0,0,0,0,0,0,0,1,1,0.00,0.00,0.00,0.00,1.00,0.00,0.00,4,15,1.00,0.00,1.00,0.13,0.00,0.00,0.00,0.00,warezclient.
0,tcp,ftp_data,SF,1010,0,0,0,0,0,0,1,0,0,0,0,0,0,0,0,0,0,2,2,0.00,0.00,0.00,0.00,1.00,0.00,0.00,255,3,0.01,0.01,0.01,0.00,0.00,0.00,0.00,0.00,normal.
0,tcp,ftp_data,SF,2881,0,0,0,0,0,0,1,0,0,0,0,0,0,0,0,0,0,7,7,0.00,0.00,0.00,0.00,1.00,0.00,0.00,29,62,0.83,0.07,0.83,0.05,0.00,0.02,0.00,0.00,normal.
0,tcp,ftp_data,SF,1139,0,0,0,0,0,0,1,0,0,0,0,0,0,0,0,0,0,2,2,0.00,0.00,0.00,0.00,1.00,0.00,0.00,130,62,0.48,0.04,0.48,0.00,0.00,0.00,0.02,0.00,normal.
0,tcp,ftp_data,SF,192,0,0,0,0,0,0,1,0,0,0,0,0,0,0,0,0,0,2,2,0.00,0.00,0.00,0.00,1.00,0.00,0.00,133,32,0.24,0.03,0.24,0.00,0.00,0.00,0.00,0.00,normal.
0,tcp,ftp_data,SF,59,0,0,0,0,0,0,1,0,0,0,0,0,0,0,0,0,0,3,3,0.00,0.00,0.00,0.00,1.00,0.00,0.00,19,71,0.47,0.16,0.47,0.03,0.00,0.00,0.00,0.00,normal.
0,tcp,ftp_data,SF,374,0,0,0,0,0,0,1,0,0,0,0,0,0,0,0,0,0,5,21,0.00,0.00,0.00,0.00,1.00,0.00,0.10,20,145,0.55,0.10,0.55,0.01,0.00,0.00,0.00,0.00,normal.
0,tcp,ftp_data,S0,0,0,0,0,0,0,0,0,0,0,0,0,0,0,0,0,0,0,292,16,1.00,1.00,0.00,0.00,0.05,0.05,0.00,255,16,0.06,0.06,0.00,0.00,1.00,1.00,0.00,0.00,neptune.
0,tcp,ftp_data,SF,3909,0,0,0,0,0,0,1,0,0,0,0,0,0,0,0,0,0,8,8,0.00,0.00,0.00,0.00,1.00,0.00,0.00,172,105,0.55,0.03,0.55,0.02,0.00,0.00,0.00,0.00,normal.
0,tcp,ftp_data,SF,1699,0,0,0,0,0,0,1,0,0,0,0,0,0,0,0,0,0,5,5,0.00,0.00,0.00,0.00,1.00,0.00,0.00,101,51,0.50,0.12,0.59,0.00,0.01,0.02,0.00,0.00,normal.
0,tcp,ftp_data,SF,334,0,0,0,0,0,0,1,0,0,0,0,0,0,0,0,0,0,1,1,0.00,0.00,0.00,0.00,1.00,0.00,0.00,250,100,0.40,0.02,0.40,0.00,0.00,0.00,0.00,0.00,warezclient.
0,tcp,ftp_data,SF,641,0,0,0,0,0,0,0,0,0,0,0,0,0,0,0,0,0,1,2,0.00,0.00,0.00,0.00,1.00,0.00,1.00,67,37,0.16,0.04,0.16,0.05,0.00,0.00,0.00,0.00,normal.
0,tcp,ftp_data,SF,194,0,0,0,0,0,0,1,0,0,0,0,0,0,0,0,0,0,2,2,0.00,0.00,0.00,0.00,1.00,0.00,0.00,110,99,0.47,0.05,0.47,0.02,0.00,0.00,0.00,0.00,normal.
4,tcp,ftp_data,SF,832,0,0,0,0,0,0,1,0,0,0,0,0,0,0,0,0,0,1,1,0.00,0.00,0.00,0.00,1.00,0.00,0.00,4,37,1.00,0.00,1.00,0.14,0.00,0.00,0.00,0.00,warezclient.
0,tcp,ftp_data,SF,334,0,0,0,0,0,0,1,0,0,0,0,0,0,0,0,0,0,2,2,0.00,0.00,0.00,0.00,1.00,0.00,0.00,2,28,1.00,0.00,1.00,0.14,0.00,0.00,0.00,0.00,warezclient.
0,tcp,ftp_data,SF,879,0,0,0,0,0,0,0,0,0,0,0,0,0,0,0,0,0,8,8,0.00,0.00,0.00,0.00,1.00,0.00,0.00,201,53,0.26,0.03,0.26,0.00,0.00,0.00,0.00,0.00,normal.
0,tcp,ftp_data,SF,7422,0,0,0,0,0,0,1,0,0,0,0,0,0,0,0,0,0,13,13,0.00,0.00,0.00,0.00,1.00,0.00,0.00,178,27,0.15,0.03,0.15,0.00,0.00,0.00,0.00,0.00,normal.
0,tcp,ftp_data,SF,960,0,0,0,0,0,0,1,0,0,0,0,0,0,0,0,0,0,1,1,0.00,0.00,0.00,0.00,1.00,0.00,0.00,137,49,0.16,0.52,0.15,0.04,0.00,0.00,0.48,0.02,normal.
0,tcp,ftp_data,SF,748,0,0,0,0,0,0,1,0,0,0,9,0,0,0,0,0,0,1,1,0.00,0.00,0.00,0.00,1.00,0.00,0.00,185,81,0.44,0.02,0.44,0.00,0.00,0.00,0.00,0.00,normal.
0,tcp,ftp_data,SF,5319,0,0,0,0,0,0,1,0,0,0,0,0,0,0,0,0,0,7,7,0.00,0.00,0.00,0.00,1.00,0.00,0.00,120,67,0.32,0.03,0.32,0.03,0.01,0.01,0.00,0.00,normal.
0,tcp,ftp_data,SF,1214,0,0,0,0,0,0,1,0,0,0,0,0,0,0,0,0,0,18,18,0.00,0.00,0.00,0.00,1.00,0.00,0.00,34,24,0.71,0.09,0.71,0.00,0.00,0.00,0.00,0.00,normal.
0,tcp,ftp_data,SF,26,0,0,0,0,0,0,1,0,0,0,0,0,0,0,0,0,0,2,2,0.00,0.00,0.00,0.00,1.00,0.00,0.00,248,146,0.59,0.01,0.59,0.00,0.00,0.00,0.00,0.00,normal.
0,tcp,ftp_data,SF,29,0,0,0,0,0,0,1,0,0,0,0,0,0,0,0,0,0,1,1,0.00,0.00,0.00,0.00,1.00,0.00,0.00,70,54,0.23,0.07,0.23,0.04,0.00,0.02,0.00,0.00,normal.
0,tcp,ftp_data,SF,334,0,0,0,0,0,0,1,0,0,0,0,0,0,0,0,0,0,1,1,0.00,0.00,0.00,0.00,1.00,0.00,0.00,1,11,1.00,0.00,1.00,0.27,0.00,0.00,0.00,0.00,warezclient.
0,tcp,ftp_data,SF,334,0,0,0,0,0,0,1,0,0,0,0,0,0,0,0,0,0,1,1,0.00,0.00,0.00,0.00,1.00,0.00,0.00,1,11,1.00,0.00,1.00,0.27,0.00,0.00,0.00,0.00,warezclient.
0,tcp,ftp_data,SF,334,0,0,0,0,0,0,1,0,0,0,0,0,0,0,0,0,0,1,1,0.00,0.00,0.00,0.00,1.00,0.00,0.00,1,11,1.00,0.00,1.00,0.27,0.00,0.00,0.00,0.00,warezclient.
0,tcp,ftp_data,SF,854,0,0,0,0,0,0,0,0,0,0,0,0,0,0,0,0,0,3,2,0.00,0.00,0.00,0.00,0.67,0.67,0.00,15,8,0.53,0.20,0.53,0.00,0.00,0.00,0.00,0.00,normal.
0,tcp,ftp_data,SF,383,0,0,0,0,0,0,0,0,0,0,0,0,0,0,0,0,0,2,2,0.00,0.00,0.00,0.00,1.00,0.00,0.00,63,40,0.14,0.06,0.14,0.05,0.00,0.00,0.00,0.00,normal.
0,tcp,ftp_data,SF,641,0,0,0,0,0,0,1,0,0,0,0,0,0,0,0,0,0,2,2,0.00,0.00,0.00,0.00,1.00,0.00,0.00,111,62,0.23,0.09,0.25,0.03,0.01,0.02,0.00,0.00,normal.
0,tcp,ftp_data,SF,4316,0,0,0,0,0,0,1,0,0,0,0,0,1,0,0,0,0,4,4,0.00,0.00,0.00,0.00,1.00,0.00,0.00,25,64,0.40,0.08,0.40,0.05,0.00,0.00,0.00,0.00,normal.
0,tcp,ftp_data,SF,373,0,0,0,0,0,0,1,0,0,0,0,0,0,0,0,0,0,8,8,0.00,0.00,0.00,0.00,1.00,0.00,0.00,144,140,0.57,0.04,0.57,0.01,0.00,0.00,0.00,0.00,normal.
0,tcp,ftp_data,SF,1690,0,0,0,0,0,0,1,0,0,0,0,0,0,0,0,0,0,4,4,0.00,0.00,0.00,0.00,1.00,0.00,0.00,190,103,0.51,0.02,0.51,0.02,0.00,0.00,0.00,0.00,normal.
0,tcp,ftp_data,SF,6601,0,0,0,0,0,0,1,0,0,0,0,0,0,0,0,0,0,18,18,0.00,0.00,0.00,0.00,1.00,0.00,0.00,97,70,0.47,0.05,0.47,0.03,0.00,0.00,0.00,0.00,normal.
0,tcp,ftp_data,SF,8766,0,0,0,0,0,0,1,0,0,0,0,0,0,0,0,0,0,8,8,0.00,0.00,0.00,0.00,1.00,0.00,0.00,120,120,0.80,0.03,0.80,0.02,0.00,0.00,0.00,0.00,normal.
0,tcp,ftp_data,SF,54689,0,0,0,0,0,0,0,0,0,0,0,0,0,0,0,0,0,1,1,0.00,0.00,0.00,0.00,1.00,0.00,0.00,187,43,0.23,0.03,0.23,0.00,0.01,0.00,0.00,0.00,normal.
0,tcp,ftp_data,SF,748,0,0,0,0,0,0,1,0,0,0,9,0,0,0,0,0,0,1,1,0.00,0.00,0.00,0.00,1.00,0.00,0.00,235,28,0.12,0.02,0.12,0.00,0.00,0.00,0.00,0.00,normal.
0,tcp,ftp_data,SF,192,0,0,0,0,0,0,0,0,0,0,0,0,0,0,0,0,0,2,2,0.00,0.00,0.00,0.00,1.00,0.00,0.00,63,74,0.29,0.08,0.29,0.03,0.00,0.00,0.00,0.00,normal.
0,tcp,ftp_data,SF,10272,0,0,0,0,0,0,1,0,0,0,0,1,0,0,0,0,0,10,10,0.00,0.00,0.00,0.00,1.00,0.00,0.00,209,78,0.35,0.03,0.35,0.03,0.00,0.00,0.00,0.00,normal.
0,tcp,ftp_data,SF,11376,0,0,0,0,0,0,1,0,0,0,0,0,0,0,0,0,0,10,10,0.00,0.00,0.00,0.00,1.00,0.00,0.00,40,16,0.40,0.10,0.40,0.00,0.00,0.00,0.00,0.00,normal.
0,tcp,ftp_data,SF,383,0,0,0,0,0,0,1,0,0,0,0,0,0,0,0,0,0,2,2,0.00,0.00,0.00,0.00,1.00,0.00,0.00,97,51,0.53,0.03,0.53,0.00,0.00,0.00,0.00,0.00,normal.
0,tcp,ftp_data,SF,4316,0,0,0,0,0,0,1,0,0,0,0,0,1,0,0,0,0,11,11,0.00,0.00,0.00,0.00,1.00,0.00,0.00,17,17,1.00,0.00,1.00,0.00,0.00,0.00,0.00,0.00,normal.
0,tcp,ftp_data,SF,7012,0,0,0,0,0,0,1,0,0,0,0,0,0,0,0,0,0,5,5,0.00,0.00,0.00,0.00,1.00,0.00,0.00,255,82,0.32,0.02,0.32,0.00,0.00,0.00,0.00,0.00,normal.
0,tcp,ftp_data,SF,567,0,0,0,0,0,0,0,0,0,0,0,0,0,0,0,0,0,1,1,0.00,0.00,0.00,0.00,1.00,0.00,0.00,19,9,0.05,0.21,0.05,0.22,0.00,0.00,0.00,0.00,normal.
0,tcp,ftp_data,SF,1199,0,0,0,0,0,0,1,0,0,0,0,0,0,0,0,0,0,2,2,0.00,0.00,0.00,0.00,1.00,0.00,0.00,16,20,0.50,0.19,0.50,0.15,0.00,0.00,0.00,0.00,normal.
0,tcp,ftp_data,SF,0,10261,0,0,0,0,0,0,0,0,0,0,0,0,0,0,0,0,2,5,0.00,0.20,0.00,0.00,1.00,0.00,0.40,43,75,0.19,0.12,0.02,0.03,0.00,0.01,0.00,0.00,normal.
0,tcp,ftp_data,SF,192,0,0,0,0,0,0,1,0,0,0,0,0,0,0,0,0,0,2,2,0.00,0.00,0.00,0.00,1.00,0.00,0.00,209,52,0.25,0.02,0.25,0.00,0.00,0.00,0.00,0.00,normal.
0,tcp,ftp_data,SF,641,0,0,0,0,0,0,1,0,0,0,0,0,0,0,0,0,0,1,1,0.00,0.00,0.00,0.00,1.00,0.00,0.00,235,90,0.36,0.02,0.36,0.02,0.00,0.00,0.00,0.00,normal.
0,tcp,ftp_data,SF,3909,0,0,0,0,0,0,1,0,0,0,0,0,0,0,0,0,0,6,6,0.00,0.00,0.00,0.00,1.00,0.00,0.00,104,42,0.23,0.04,0.23,0.05,0.00,0.00,0.00,0.00,normal.
0,tcp,ftp_data,SF,1556,0,0,0,0,0,0,1,0,0,0,0,0,0,0,0,0,0,19,19,0.00,0.00,0.00,0.00,1.00,0.00,0.00,201,107,0.39,0.02,0.39,0.02,0.00,0.00,0.00,0.00,normal.
0,tcp,ftp_data,SF,4763,0,0,0,0,0,0,0,0,0,0,0,0,0,0,0,0,0,11,12,0.00,0.00,0.00,0.00,1.00,0.00,0.17,255,69,0.27,0.03,0.27,0.00,0.00,0.00,0.00,0.00,normal.
12,tcp,ftp_data,SF,7045,0,0,0,0,0,0,1,0,0,0,0,0,0,0,0,0,0,2,2,0.00,0.00,0.00,0.00,1.00,0.00,0.00,3,36,1.00,0.00,1.00,0.14,0.00,0.00,0.00,0.00,warezclient.
12,tcp,ftp_data,SF,7045,0,0,0,0,0,0,1,0,0,0,0,0,0,0,0,0,0,1,1,0.00,0.00,0.00,0.00,1.00,0.00,0.00,6,31,1.00,0.00,1.00,0.16,0.00,0.03,0.00,0.00,warezclient.
0,tcp,ftp_data,SF,567,0,0,0,0,0,0,1,0,0,0,6,0,0,0,0,0,0,1,1,0.00,0.00,0.00,0.00,1.00,0.00,0.00,182,66,0.26,0.04,0.26,0.03,0.02,0.02,0.00,0.00,normal.
0,tcp,ftp_data,SF,15876,0,0,0,0,0,0,1,0,0,0,0,0,0,0,0,0,0,11,11,0.00,0.00,0.00,0.00,1.00,0.00,0.00,68,60,0.69,0.04,0.69,0.03,0.00,0.02,0.00,0.00,normal.
0,tcp,ftp_data,SF,5891,0,0,0,0,0,0,1,0,0,0,0,0,0,0,0,0,0,14,14,0.00,0.00,0.00,0.00,1.00,0.00,0.00,93,85,0.41,0.03,0.41,0.02,0.00,0.00,0.00,0.00,normal.
0,tcp,ftp_data,SF,259,0,0,0,0,0,0,1,0,0,0,1,0,0,0,0,0,0,2,2,0.00,0.00,0.00,0.00,1.00,0.00,0.00,19,54,0.11,0.16,0.11,0.04,0.00,0.00,0.00,0.00,normal.
0,tcp,ftp_data,SF,167,0,0,0,0,0,0,1,0,0,0,0,0,0,0,0,0,0,2,2,0.00,0.00,0.00,0.00,1.00,0.00,0.00,69,68,0.75,0.03,0.75,0.03,0.00,0.01,0.00,0.00,normal.
0,tcp,ftp_data,SF,13239,0,0,0,0,0,0,1,0,0,0,0,0,0,0,0,0,0,3,3,0.00,0.00,0.00,0.00,1.00,0.00,0.00,37,47,0.24,0.08,0.24,0.06,0.00,0.00,0.00,0.00,normal.
12,tcp,ftp_data,SF,7045,0,0,0,0,0,0,1,0,0,0,0,0,0,0,0,0,0,2,2,0.00,0.00,0.00,0.00,1.00,0.00,0.00,16,51,1.00,0.00,1.00,0.12,0.00,0.02,0.00,0.00,warezclient.
0,tcp,ftp_data,SF,5558,0,0,0,0,0,0,1,0,0,0,0,0,0,0,0,0,0,11,11,0.00,0.00,0.00,0.00,1.00,0.00,0.00,255,76,0.30,0.03,0.30,0.00,0.00,0.00,0.00,0.00,normal.
0,tcp,ftp_data,SF,374,0,0,0,0,0,0,0,0,0,0,0,0,0,0,0,0,0,5,5,0.00,0.00,0.00,0.00,1.00,0.00,0.00,171,43,0.19,0.04,0.19,0.05,0.00,0.00,0.00,0.00,normal.
0,tcp,ftp_data,SF,5319,0,0,0,0,0,0,0,0,0,0,0,0,0,0,0,0,0,7,7,0.00,0.00,0.00,0.00,1.00,0.00,0.00,77,23,0.30,0.08,0.30,0.00,0.00,0.00,0.00,0.00,normal.
0,tcp,ftp_data,SF,3888,0,0,0,0,0,0,1,0,0,0,0,0,0,0,0,0,0,10,10,0.00,0.00,0.00,0.00,1.00,0.00,0.00,112,56,0.34,0.04,0.34,0.04,0.00,0.00,0.00,0.00,normal.
0,tcp,ftp_data,SF,8325,0,0,0,0,0,0,1,0,0,0,0,0,0,0,0,0,0,15,15,0.00,0.00,0.00,0.00,1.00,0.00,0.00,55,41,0.49,0.04,0.49,0.05,0.00,0.00,0.00,0.00,normal.
0,tcp,ftp_data,SF,6601,0,0,0,0,0,0,1,0,0,0,0,0,0,0,0,0,0,19,19,0.00,0.00,0.00,0.00,1.00,0.00,0.00,194,100,0.39,0.03,0.39,0.02,0.00,0.00,0.00,0.00,normal.
0,tcp,ftp_data,SF,71,0,0,0,0,0,0,1,0,0,0,0,0,0,0,0,0,0,1,1,0.00,0.00,0.00,0.00,1.00,0.00,0.00,255,40,0.16,0.05,0.16,0.00,0.42,0.00,0.02,0.00,normal.
0,tcp,ftp_data,SF,13239,0,0,0,0,0,0,1,0,0,0,0,0,0,0,0,0,0,4,4,0.00,0.00,0.00,0.00,1.00,0.00,0.00,146,122,0.37,0.02,0.37,0.02,0.00,0.00,0.00,0.00,normal.
0,tcp,ftp_data,SF,2056,0,0,0,0,0,0,0,0,0,0,0,0,0,0,0,0,0,10,10,0.00,0.00,0.00,0.00,1.00,0.00,0.00,181,46,0.22,0.04,0.22,0.04,0.00,0.00,0.00,0.00,normal.
0,tcp,ftp_data,SF,960,0,0,0,0,0,0,1,0,0,0,0,0,0,0,0,0,0,2,2,0.00,0.00,0.00,0.00,1.00,0.00,0.00,207,108,0.52,0.03,0.52,0.00,0.00,0.00,0.00,0.00,normal.
0,tcp,ftp_data,SF,554,0,0,0,0,0,0,1,0,0,0,6,0,0,0,0,0,0,2,2,0.00,0.00,0.00,0.00,1.00,0.00,0.00,80,50,0.28,0.03,0.28,0.04,0.00,0.00,0.00,0.00,normal.
0,tcp,ftp_data,SF,6062,0,0,0,0,0,0,1,0,0,0,0,0,0,0,0,0,0,12,13,0.00,0.00,0.00,0.00,1.00,0.00,0.15,178,59,0.33,0.03,0.33,0.00,0.00,0.00,0.00,0.00,normal.
0,tcp,ftp_data,SF,965,0,0,0,0,0,0,1,0,0,0,0,0,0,0,0,0,0,20,20,0.00,0.00,0.00,0.00,1.00,0.00,0.00,179,72,0.40,0.04,0.40,0.00,0.00,0.00,0.00,0.00,normal.
0,tcp,ftp_data,SF,192,0,0,0,0,0,0,1,0,0,0,0,0,0,0,0,0,0,2,2,0.00,0.00,0.00,0.00,1.00,0.00,0.00,193,88,0.37,0.02,0.37,0.02,0.00,0.00,0.00,0.00,normal.
0,tcp,ftp_data,SF,59,0,0,0,0,0,0,1,0,0,0,0,0,0,0,0,0,0,12,12,0.00,0.00,0.00,0.00,1.00,0.00,0.00,70,18,0.26,0.06,0.26,0.00,0.00,0.00,0.00,0.00,normal.
0,tcp,ftp_data,SF,59,0,0,0,0,0,0,1,0,0,0,0,0,0,0,0,0,0,8,8,0.00,0.00,0.00,0.00,1.00,0.00,0.00,130,55,0.20,0.05,0.20,0.04,0.01,0.00,0.00,0.00,normal.
0,tcp,ftp_data,SF,334,0,0,0,0,0,0,1,0,0,0,0,0,0,0,0,0,0,1,1,0.00,0.00,0.00,0.00,1.00,0.00,0.00,5,40,1.00,0.00,1.00,0.15,0.00,0.00,0.00,0.00,warezclient.
0,tcp,ftp_data,SF,334,0,0,0,0,0,0,1,0,0,0,0,0,0,0,0,0,0,1,1,0.00,0.00,0.00,0.00,1.00,0.00,0.00,5,9,1.00,0.00,1.00,0.22,0.00,0.00,0.00,0.00,warezclient.
0,tcp,ftp_data,SF,383,0,0,0,0,0,0,1,0,0,0,0,0,0,0,0,0,0,1,1,0.00,0.00,0.00,0.00,1.00,0.00,0.00,48,30,0.06,0.10,0.06,0.07,0.00,0.00,0.00,0.00,normal.
0,tcp,ftp_data,SF,641,0,0,0,0,0,0,1,0,0,0,0,0,0,0,0,0,0,1,1,0.00,0.00,0.00,0.00,1.00,0.00,0.00,77,100,0.26,0.04,0.26,0.02,0.00,0.00,0.00,0.00,normal.
0,tcp,ftp_data,SF,960,0,0,0,0,0,0,1,0,0,0,0,0,0,0,0,0,0,2,2,0.00,0.00,0.00,0.00,1.00,0.00,0.00,197,117,0.44,0.03,0.44,0.02,0.00,0.00,0.00,0.00,normal.
0,tcp,ftp_data,SF,59,0,0,0,0,0,0,1,0,0,0,0,0,0,0,0,0,0,12,12,0.00,0.00,0.00,0.00,1.00,0.00,0.00,59,103,0.31,0.05,0.31,0.02,0.00,0.00,0.00,0.00,normal.
0,tcp,ftp_data,SF,12241,0,0,0,0,0,0,0,0,0,0,0,0,0,0,0,0,0,7,7,0.00,0.00,0.00,0.00,1.00,0.00,0.00,47,13,0.28,0.06,0.28,0.00,0.00,0.00,0.00,0.00,normal.
0,tcp,ftp_data,SF,567,0,0,0,0,0,0,0,0,0,0,0,0,0,0,0,0,0,2,1,0.00,0.00,0.00,0.00,0.50,1.00,0.00,219,41,0.19,0.03,0.19,0.00,0.00,0.00,0.00,0.00,normal.
0,tcp,ftp_data,SF,10272,0,0,0,0,0,0,0,0,0,0,0,0,0,0,0,0,0,9,9,0.00,0.00,0.00,0.00,1.00,0.00,0.00,67,15,0.22,0.09,0.22,0.00,0.03,0.00,0.04,0.00,normal.
0,tcp,ftp_data,SF,1010,0,0,0,0,0,0,1,0,0,0,0,0,0,0,0,0,0,2,3,0.00,0.00,0.00,0.00,1.00,0.00,0.67,63,83,0.35,0.06,0.35,0.02,0.00,0.00,0.00,0.00,normal.
0,tcp,ftp_data,SF,383,0,0,0,0,0,0,1,0,0,0,0,0,0,0,0,0,0,2,3,0.00,0.00,0.00,0.00,1.00,0.00,0.67,138,44,0.32,0.04,0.32,0.00,0.00,0.00,0.00,0.00,normal.
0,tcp,ftp_data,SF,3909,0,0,0,0,0,0,1,0,0,0,0,0,0,0,0,0,0,8,8,0.00,0.00,0.00,0.00,1.00,0.00,0.00,238,68,0.29,0.01,0.29,0.00,0.00,0.00,0.00,0.00,normal.
0,tcp,ftp_data,SF,172,0,0,0,0,0,0,1,0,0,0,0,0,0,0,0,0,0,2,2,0.00,0.00,0.00,0.00,1.00,0.00,0.00,202,33,0.11,0.05,0.15,0.06,0.01,0.06,0.00,0.00,normal.
0,tcp,ftp_data,SF,245,0,0,0,0,0,0,1,0,0,0,1,0,0,0,0,0,0,1,1,0.00,0.00,0.00,0.00,1.00,0.00,0.00,47,111,0.13,0.11,0.13,0.02,0.00,0.00,0.00,0.00,normal.
0,tcp,ftp_data,SF,12241,0,0,0,0,0,0,1,0,0,0,0,0,0,0,0,0,0,5,5,0.00,0.00,0.00,0.00,1.00,0.00,0.00,89,52,0.38,0.10,0.44,0.04,0.01,0.02,0.00,0.00,normal.
0,tcp,ftp_data,SF,3468,0,0,0,0,0,0,0,0,0,0,0,0,0,0,0,0,0,6,6,0.00,0.00,0.00,0.00,1.00,0.00,0.00,255,12,0.05,0.47,0.05,0.00,0.00,0.00,0.00,0.00,normal.
0,tcp,ftp_data,SF,6062,0,0,0,0,0,0,0,0,0,0,0,0,0,0,0,0,0,9,9,0.00,0.00,0.00,0.00,1.00,0.00,0.00,183,112,0.48,0.02,0.48,0.02,0.00,0.00,0.00,0.00,normal.
0,tcp,ftp_data,SF,3676,0,0,0,0,0,0,0,0,0,0,0,0,0,0,0,0,0,9,8,0.00,0.00,0.00,0.00,0.89,0.22,0.00,77,78,0.31,0.06,0.31,0.03,0.00,0.00,0.00,0.00,normal.
0,tcp,ftp_data,SF,1606,0,0,0,0,0,0,0,0,0,0,0,0,0,0,0,0,0,1,1,0.00,0.00,0.00,0.00,1.00,0.00,0.00,227,105,0.46,0.03,0.46,0.00,0.00,0.00,0.00,0.00,normal.
0,tcp,ftp_data,SF,1690,0,0,0,0,0,0,1,0,0,0,0,0,0,0,0,0,0,6,7,0.00,0.00,0.00,0.00,1.00,0.00,0.29,119,127,0.39,0.05,0.39,0.02,0.00,0.01,0.00,0.00,normal.
0,tcp,ftp_data,SF,16787,0,0,0,0,0,0,1,0,0,0,0,1,0,0,0,0,0,11,12,0.00,0.00,0.00,0.00,1.00,0.00,0.17,31,117,0.74,0.10,0.74,0.02,0.00,0.00,0.00,0.00,normal.
0,tcp,ftp_data,SF,12,0,0,0,0,0,0,1,0,0,0,0,0,0,0,0,0,0,1,1,0.00,0.00,0.00,0.00,1.00,0.00,0.00,40,97,0.88,0.08,0.88,0.02,0.00,0.00,0.00,0.00,normal.
0,tcp,ftp_data,SF,334,0,0,0,0,0,0,1,0,0,0,0,0,0,0,0,0,0,2,2,0.00,0.00,0.00,0.00,1.00,0.00,0.00,255,83,0.33,0.07,0.35,0.00,0.01,0.04,0.00,0.00,warezclient.
0,tcp,ftp_data,SF,1556,0,0,0,0,0,0,1,0,0,0,0,0,0,0,0,0,0,7,7,0.00,0.00,0.00,0.00,1.00,0.00,0.00,255,86,0.34,0.02,0.33,0.00,0.00,0.00,0.00,0.00,normal.
0,tcp,ftp_data,SF,7162,0,0,0,0,0,0,1,0,0,0,0,0,0,0,0,0,0,2,2,0.00,0.00,0.00,0.00,1.00,0.00,0.00,25,23,0.32,0.16,0.32,0.09,0.04,0.00,0.08,0.00,normal.
0,tcp,ftp_data,SF,259,0,0,0,0,0,0,0,0,0,0,0,0,0,0,0,0,0,2,3,0.00,0.00,0.00,0.00,1.00,0.00,0.67,196,79,0.33,0.02,0.33,0.03,0.01,0.00,0.00,0.00,normal.
0,tcp,ftp_data,SF,192,0,0,0,0,0,0,1,0,0,0,0,0,0,0,0,0,0,2,2,0.00,0.00,0.00,0.00,1.00,0.00,0.00,196,46,0.21,0.07,0.26,0.04,0.01,0.02,0.03,0.00,normal.
0,tcp,ftp_data,SF,0,376,0,0,0,0,0,0,0,0,0,0,0,0,0,0,0,0,1,1,0.00,0.00,0.00,0.00,1.00,0.00,0.00,32,63,0.34,0.16,0.03,0.03,0.00,0.00,0.06,0.00,normal.
0,tcp,ftp_data,SF,334,0,0,0,0,0,0,1,0,0,0,0,0,0,0,0,0,0,1,1,0.00,0.00,0.00,0.00,1.00,0.00,0.00,225,86,0.36,0.02,0.36,0.02,0.00,0.00,0.00,0.00,warezclient.
0,tcp,ftp_data,SF,4753,0,0,0,0,0,0,1,0,0,0,0,0,1,0,0,0,0,11,11,0.00,0.00,0.00,0.00,1.00,0.00,0.00,255,141,0.55,0.02,0.55,0.00,0.00,0.00,0.00,0.00,normal.
0,tcp,ftp_data,SF,740,0,0,0,0,0,0,1,0,0,0,9,0,0,0,0,0,0,2,2,0.00,0.00,0.00,0.00,1.00,0.00,0.00,47,32,0.55,0.11,0.55,0.06,0.00,0.00,0.00,0.00,normal.
0,tcp,ftp_data,SF,1153,0,0,0,0,0,0,1,0,0,0,0,0,0,0,0,0,0,2,2,0.00,0.00,0.00,0.00,1.00,0.00,0.00,181,93,0.41,0.02,0.41,0.02,0.00,0.00,0.00,0.00,normal.
0,tcp,ftp_data,SF,334,0,0,0,0,0,0,1,0,0,0,0,0,0,0,0,0,0,2,2,0.00,0.00,0.00,0.00,1.00,0.00,0.00,6,41,1.00,0.00,1.00,0.15,0.00,0.00,0.00,0.00,warezclient.
0,tcp,ftp_data,REJ,0,0,0,0,0,0,0,0,0,0,0,0,0,0,0,0,0,0,268,5,0.00,0.00,1.00,1.00,0.02,0.06,0.00,255,5,0.02,0.09,0.00,0.00,0.00,0.00,1.00,1.00,neptune.
0,tcp,ftp_data,SF,252,0,0,0,0,0,0,1,0,0,0,0,0,0,0,0,0,0,2,3,0.00,0.00,0.00,0.00,1.00,0.00,0.67,251,89,0.34,0.03,0.34,0.02,0.01,0.01,0.00,0.00,normal.
0,tcp,ftp_data,SF,854,0,0,0,0,0,0,1,0,0,0,0,0,0,0,0,0,0,7,7,0.00,0.00,0.00,0.00,1.00,0.00,0.00,36,13,0.36,0.14,0.36,0.00,0.00,0.00,0.00,0.00,normal.
0,tcp,ftp_data,SF,4763,0,0,0,0,0,0,1,0,0,0,0,0,0,0,0,0,0,11,11,0.00,0.00,0.00,0.00,1.00,0.00,0.00,88,77,0.26,0.03,0.26,0.04,0.02,0.00,0.56,0.00,normal.
0,tcp,ftp_data,SF,965,0,0,0,0,0,0,1,0,0,0,0,0,0,0,0,0,0,1,1,0.00,0.00,0.00,0.00,1.00,0.00,0.00,34,98,0.62,0.12,0.62,0.02,0.00,0.01,0.00,0.00,normal.
0,tcp,ftp_data,SF,1363,0,0,0,0,0,0,1,0,0,0,0,0,0,0,0,0,0,18,26,0.00,0.00,0.00,0.00,1.00,0.00,0.08,80,48,0.60,0.06,0.60,0.00,0.00,0.00,0.03,0.00,normal.
0,tcp,ftp_data,SF,1010,0,0,0,0,0,0,0,0,0,0,0,0,0,0,0,0,0,2,2,0.00,0.00,0.00,0.00,1.00,0.00,0.00,93,84,0.35,0.04,0.35,0.02,0.00,0.00,0.02,0.00,normal.
0,tcp,ftp_data,SF,7280,0,0,0,0,0,0,1,0,0,0,0,0,0,0,0,0,0,12,12,0.00,0.00,0.00,0.00,1.00,0.00,0.00,255,18,0.07,0.79,0.07,0.00,0.00,0.00,0.00,0.00,normal.
0,tcp,ftp_data,SF,641,0,0,0,0,0,0,1,0,0,0,0,0,0,0,0,0,0,1,1,0.00,0.00,0.00,0.00,1.00,0.00,0.00,113,34,0.10,0.04,0.10,0.06,0.00,0.00,0.00,0.00,normal.
0,tcp,ftp_data,SF,7422,0,0,0,0,0,0,1,0,0,0,0,0,0,0,0,0,0,9,9,0.00,0.00,0.00,0.00,1.00,0.00,0.00,147,82,0.33,0.03,0.33,0.02,0.00,0.00,0.01,0.00,normal.
0,tcp,ftp_data,SF,567,0,0,0,0,0,0,0,0,0,0,0,0,0,0,0,0,0,2,1,0.00,0.00,0.00,0.00,0.50,1.00,0.00,36,58,0.17,0.11,0.17,0.03,0.00,0.00,0.00,0.00,normal.
0,tcp,ftp_data,SF,74,0,0,0,0,0,0,1,0,0,0,0,0,0,0,0,0,0,1,1,0.00,0.00,0.00,0.00,1.00,0.00,0.00,174,83,0.33,0.05,0.36,0.02,0.03,0.00,0.00,0.00,normal.
0,tcp,ftp_data,SF,567,0,0,0,0,0,0,1,0,0,0,6,0,0,0,0,0,0,2,1,0.00,0.00,0.00,0.00,0.50,1.00,0.00,152,47,0.31,0.03,0.31,0.00,0.00,0.00,0.00,0.00,normal.
0,tcp,ftp_data,SF,95,0,0,0,0,0,0,1,0,0,0,0,0,0,0,0,0,0,1,1,0.00,0.00,0.00,0.00,1.00,0.00,0.00,137,23,0.12,0.05,0.12,0.09,0.01,0.00,0.00,0.00,normal.
0,tcp,ftp_data,SF,11580,0,0,0,0,0,0,1,0,0,0,0,0,0,0,0,0,0,1,1,0.00,0.00,0.00,0.00,1.00,0.00,0.00,52,56,0.08,0.38,0.38,0.04,0.02,0.00,0.00,0.00,normal.
0,tcp,ftp_data,SF,12324,0,0,0,0,0,0,1,0,0,0,0,0,0,1,0,0,0,2,2,0.00,0.00,0.00,0.00,1.00,0.00,0.00,150,75,0.24,0.02,0.24,0.03,0.00,0.00,0.00,0.00,normal.
0,tcp,ftp_data,REJ,0,0,0,0,0,0,0,0,0,0,0,0,0,0,0,0,0,0,221,4,0.00,0.00,1.00,1.00,0.02,0.07,0.00,255,4,0.02,0.10,0.00,0.00,0.00,0.00,1.00,1.00,neptune.
0,tcp,ftp_data,S0,0,0,0,0,0,0,0,0,0,0,0,0,0,0,0,0,0,0,64,16,1.00,1.00,0.00,0.00,0.25,0.06,0.00,255,30,0.12,0.05,0.01,0.00,1.00,1.00,0.00,0.00,neptune.
0,tcp,ftp_data,SF,334,0,0,0,0,0,0,1,0,0,0,0,0,0,0,0,0,0,1,1,0.00,0.00,0.00,0.00,1.00,0.00,0.00,255,84,0.33,0.07,0.35,0.00,0.01,0.04,0.00,0.00,warezclient.
0,tcp,ftp_data,SF,39698,0,0,0,0,0,0,1,0,0,0,0,0,0,0,0,0,0,1,1,0.00,0.00,0.00,0.00,1.00,0.00,0.00,111,109,0.38,0.04,0.38,0.02,0.00,0.00,0.00,0.00,normal.
0,tcp,ftp_data,SF,7280,0,0,0,0,0,0,1,0,0,0,0,0,0,0,0,0,0,12,12,0.00,0.00,0.00,0.00,1.00,0.00,0.00,32,36,0.69,0.12,0.69,0.06,0.00,0.00,0.00,0.00,normal.
0,tcp,ftp_data,SF,10044,0,0,0,0,0,0,1,0,0,0,0,0,0,0,0,0,0,12,12,0.00,0.00,0.00,0.00,1.00,0.00,0.00,164,92,0.56,0.03,0.56,0.00,0.00,0.00,0.00,0.00,normal.
0,tcp,ftp_data,SF,1865,0,0,0,0,0,0,1,0,0,0,0,0,0,0,0,0,0,1,1,0.00,0.00,0.00,0.00,1.00,0.00,0.00,219,102,0.39,0.02,0.39,0.02,0.00,0.00,0.00,0.00,normal.
0,tcp,ftp_data,SF,334,0,0,0,0,0,0,1,0,0,0,0,0,0,0,0,0,0,1,1,0.00,0.00,0.00,0.00,1.00,0.00,0.00,7,49,1.00,0.00,1.00,0.14,0.00,0.00,0.00,0.00,warezclient.
0,tcp,ftp_data,SF,245,0,0,0,0,0,0,1,0,0,0,1,0,0,0,0,0,0,2,2,0.00,0.00,0.00,0.00,1.00,0.00,0.00,94,32,0.15,0.04,0.15,0.06,0.00,0.00,0.00,0.00,normal.
0,tcp,ftp_data,SF,35195,0,0,0,0,0,0,1,0,0,0,0,0,0,0,0,0,0,22,22,0.00,0.00,0.00,0.00,1.00,0.00,0.00,81,106,0.40,0.05,0.40,0.02,0.00,0.00,0.00,0.00,normal.
0,tcp,ftp_data,SF,8173,0,0,0,0,0,0,1,0,0,0,0,0,0,0,0,0,0,16,16,0.00,0.00,0.00,0.00,1.00,0.00,0.00,180,38,0.14,0.02,0.14,0.05,0.00,0.00,0.00,0.00,normal.
0,tcp,ftp_data,SF,334,0,0,0,0,0,0,1,0,0,0,0,0,0,0,0,0,0,2,2,0.00,0.00,0.00,0.00,1.00,0.00,0.00,2,21,1.00,0.00,1.00,0.14,0.00,0.00,0.00,0.00,warezclient.
0,tcp,ftp_data,SF,246,0,0,0,0,0,0,1,0,0,0,0,0,0,0,0,0,0,1,1,0.00,0.00,0.00,0.00,1.00,0.00,0.00,6,33,1.00,0.00,1.00,0.12,0.00,0.00,0.00,0.00,warezclient.
0,tcp,ftp_data,SF,305,0,0,0,0,0,0,1,0,0,0,2,0,0,0,0,0,0,2,2,0.00,0.00,0.00,0.00,1.00,0.00,0.00,229,38,0.17,0.02,0.17,0.00,0.00,0.00,0.00,0.00,normal.
0,tcp,ftp_data,SF,7162,0,0,0,0,0,0,1,0,0,0,0,0,0,0,0,0,0,7,7,0.00,0.00,0.00,0.00,1.00,0.00,0.00,114,64,0.56,0.04,0.56,0.00,0.00,0.00,0.00,0.00,normal.
0,tcp,ftp_data,SF,10272,0,0,0,0,0,0,0,0,0,0,0,0,0,0,0,0,0,10,14,0.00,0.00,0.00,0.00,1.00,0.00,0.21,172,77,0.45,0.02,0.45,0.00,0.01,0.01,0.00,0.00,normal.
0,tcp,ftp_data,SF,748,0,0,0,0,0,0,1,0,0,0,9,0,0,0,0,0,0,1,2,0.00,0.00,0.00,0.00,1.00,0.00,1.00,255,70,0.27,0.02,0.27,0.00,0.00,0.00,0.04,0.00,normal.
0,tcp,ftp_data,SF,59,0,0,0,0,0,0,1,0,0,0,0,0,0,0,0,0,0,13,13,0.00,0.00,0.00,0.00,1.00,0.00,0.00,30,19,0.63,0.13,0.63,0.00,0.00,0.00,0.00,0.00,normal.
0,tcp,ftp_data,SF,245,0,0,0,0,0,0,1,0,0,0,1,0,0,0,0,0,0,2,2,0.00,0.00,0.00,0.00,1.00,0.00,0.00,96,96,0.44,0.05,0.44,0.02,0.00,0.00,0.00,0.00,normal.
0,tcp,ftp_data,SF,641,0,0,0,0,0,0,0,0,0,0,0,0,0,0,0,0,0,1,1,0.00,0.00,0.00,0.00,1.00,0.00,0.00,121,53,0.39,0.05,0.40,0.04,0.01,0.02,0.00,0.00,normal.
0,tcp,ftp_data,SF,74,0,0,0,0,0,0,1,0,0,0,0,0,0,0,0,0,0,2,2,0.00,0.00,0.00,0.00,1.00,0.00,0.00,255,5,0.02,0.07,0.02,0.00,0.92,0.00,0.00,0.00,normal.
