7030,udp,other,SF,147,105,0,0,0,0,0,0,0,0,0,0,0,0,0,0,0,0,1,1,0.00,0.00,0.00,0.00,1.00,0.00,0.00,255,1,0.00,0.84,0.99,0.00,0.00,0.00,0.00,0.00,normal.
7030,udp,other,SF,147,105,0,0,0,0,0,0,0,0,0,0,0,0,0,0,0,0,1,1,0.00,0.00,0.00,0.00,1.00,0.00,0.00,255,1,0.00,0.84,0.99,0.00,0.00,0.00,0.00,0.00,normal.
7030,udp,other,SF,147,105,0,0,0,0,0,0,0,0,0,0,0,0,0,0,0,0,1,1,0.00,0.00,0.00,0.00,1.00,0.00,0.00,255,1,0.00,0.84,0.99,0.00,0.00,0.00,0.00,0.00,normal.
1355,udp,other,SF,146,105,0,0,0,0,0,0,0,0,0,0,0,0,0,0,0,0,1,1,0.00,0.00,0.00,0.00,1.00,0.00,0.00,255,2,0.01,0.79,0.97,0.00,0.00,0.00,0.00,0.00,normal.
0,udp,other,SF,147,0,0,0,0,0,0,0,0,0,0,0,0,0,0,0,0,0,1,1,0.00,0.00,0.00,0.00,1.00,0.00,0.00,255,1,0.00,0.82,0.99,0.00,0.00,0.00,0.00,0.00,normal.
0,udp,other,SF,147,0,0,0,0,0,0,0,0,0,0,0,0,0,0,0,0,0,1,1,0.00,0.00,0.00,0.00,1.00,0.00,0.00,255,1,0.00,0.82,0.99,0.00,0.00,0.00,0.00,0.00,normal.
0,udp,other,SF,147,0,0,0,0,0,0,0,0,0,0,0,0,0,0,0,0,0,1,1,0.00,0.00,0.00,0.00,1.00,0.00,0.00,255,1,0.00,0.82,0.99,0.00,0.00,0.00,0.00,0.00,normal.
8631,udp,other,SF,147,105,0,0,0,0,0,0,0,0,0,0,0,0,0,0,0,0,1,1,0.00,0.00,0.00,0.00,1.00,0.00,0.00,255,4,0.02,0.56,0.95,0.00,0.00,0.00,0.00,0.00,normal.
0,tcp,other,REJ,0,0,0,0,0,0,0,0,0,0,0,0,0,0,0,0,0,0,510,1,0.23,0.00,0.77,1.00,0.00,1.00,0.00,255,1,0.00,1.00,0.00,0.00,0.25,0.00,0.75,1.00,satan.
2308,udp,other,SF,147,105,0,0,0,0,0,0,0,0,0,0,0,0,0,0,0,0,1,1,0.00,0.00,0.00,0.00,1.00,0.00,0.00,255,1,0.00,0.89,1.00,0.00,0.00,0.00,0.00,0.00,normal.
2723,udp,other,SF,147,105,0,0,0,0,0,0,0,0,0,0,0,0,0,0,0,0,1,1,0.00,0.00,0.00,0.00,1.00,0.00,0.00,255,1,0.00,0.90,1.00,0.00,0.00,0.00,0.00,0.00,normal.
0,udp,other,SF,146,0,0,0,0,0,0,0,0,0,0,0,0,0,0,0,0,0,1,1,0.00,0.00,0.00,0.00,1.00,0.00,0.00,255,1,0.00,0.69,0.97,0.00,0.00,0.00,0.00,0.00,normal.
0,udp,other,SF,146,0,0,0,0,0,0,0,0,0,0,0,0,0,0,0,0,0,1,1,0.00,0.00,0.00,0.00,1.00,0.00,0.00,255,1,0.00,0.69,0.97,0.00,0.00,0.00,0.00,0.00,normal.
7879,udp,other,SF,146,105,0,0,0,0,0,0,0,0,0,0,0,0,0,0,0,0,1,1,0.00,0.00,0.00,0.00,1.00,0.00,0.00,255,3,0.01,0.68,0.98,0.00,0.00,0.00,0.00,0.00,normal.
2630,udp,other,SF,147,105,0,0,0,0,0,0,0,0,0,0,0,0,0,0,0,0,1,1,0.00,0.00,0.00,0.00,1.00,0.00,0.00,255,1,0.00,0.82,0.98,0.00,0.00,0.00,0.00,0.00,normal.
0,tcp,other,S1,5840,0,0,0,0,0,0,1,0,0,0,0,0,0,0,0,0,0,14,1,0.14,1.00,0.00,0.00,0.07,0.50,0.00,123,1,0.01,0.19,0.29,0.00,0.04,1.00,0.00,0.00,normal.
0,udp,other,SF,147,147,0,0,0,0,0,0,0,0,0,0,0,0,0,0,0,0,2,2,0.00,0.00,0.00,0.00,1.00,0.00,0.00,255,2,0.01,0.47,0.93,0.00,0.00,0.00,0.00,0.00,normal.
270,udp,other,SF,146,105,0,0,0,0,0,0,0,0,0,0,0,0,0,0,0,0,1,1,0.00,0.00,0.00,0.00,1.00,0.00,0.00,255,4,0.02,0.65,0.95,0.00,0.00,0.00,0.00,0.00,normal.
0,udp,other,SF,146,0,0,0,0,0,0,0,0,0,0,0,0,0,0,0,0,0,3,1,0.00,0.00,0.00,0.00,0.33,0.67,0.00,255,1,0.00,0.88,1.00,0.00,0.00,0.00,0.00,0.00,normal.
4290,udp,other,SF,147,105,0,0,0,0,0,0,0,0,0,0,0,0,0,0,0,0,2,2,0.00,0.00,0.00,0.00,1.00,0.00,0.00,255,2,0.01,0.76,0.88,0.00,0.00,0.00,0.00,0.00,normal.
3002,udp,other,SF,147,105,0,0,0,0,0,0,0,0,0,0,0,0,0,0,0,0,1,1,0.00,0.00,0.00,0.00,1.00,0.00,0.00,255,1,0.00,0.73,0.97,0.00,0.00,0.00,0.00,0.00,normal.
1110,udp,other,SF,146,105,0,0,0,0,0,0,0,0,0,0,0,0,0,0,0,0,4,2,0.00,0.00,0.00,0.00,0.50,0.50,0.00,255,2,0.01,0.82,1.00,0.00,0.00,0.00,0.00,0.00,normal.
0,udp,other,SF,147,0,0,0,0,0,0,0,0,0,0,0,0,0,0,0,0,0,5,1,0.00,0.00,0.00,0.00,0.20,0.60,0.00,255,1,0.00,0.45,0.83,0.00,0.00,0.00,0.00,0.00,normal.
12584,udp,other,SF,145,105,0,0,0,0,0,0,0,0,0,0,0,0,0,0,0,0,1,1,0.00,0.00,0.00,0.00,1.00,0.00,0.00,255,1,0.00,0.69,0.98,0.00,0.00,0.00,0.00,0.00,normal.
2620,udp,other,SF,147,105,0,0,0,0,0,0,0,0,0,0,0,0,0,0,0,0,2,2,0.00,0.00,0.00,0.00,1.00,0.00,0.00,255,2,0.01,0.75,1.00,0.00,0.00,0.00,0.00,0.00,normal.
0,udp,other,SF,147,0,0,0,0,0,0,0,0,0,0,0,0,0,0,0,0,0,5,1,0.00,0.00,0.00,0.00,0.20,0.60,0.00,255,1,0.00,0.62,0.88,0.00,0.00,0.00,0.00,0.00,normal.
2630,udp,other,SF,145,105,0,0,0,0,0,0,0,0,0,0,0,0,0,0,0,0,1,1,0.00,0.00,0.00,0.00,1.00,0.00,0.00,255,1,0.00,0.87,1.00,0.00,0.00,0.00,0.00,0.00,normal.
2630,udp,other,SF,145,105,0,0,0,0,0,0,0,0,0,0,0,0,0,0,0,0,1,1,0.00,0.00,0.00,0.00,1.00,0.00,0.00,255,1,0.00,0.87,1.00,0.00,0.00,0.00,0.00,0.00,normal.
2630,udp,other,SF,145,105,0,0,0,0,0,0,0,0,0,0,0,0,0,0,0,0,1,1,0.00,0.00,0.00,0.00,1.00,0.00,0.00,255,1,0.00,0.87,1.00,0.00,0.00,0.00,0.00,0.00,normal.
2630,udp,other,SF,145,105,0,0,0,0,0,0,0,0,0,0,0,0,0,0,0,0,1,1,0.00,0.00,0.00,0.00,1.00,0.00,0.00,255,1,0.00,0.87,1.00,0.00,0.00,0.00,0.00,0.00,normal.
2630,udp,other,SF,145,105,0,0,0,0,0,0,0,0,0,0,0,0,0,0,0,0,1,1,0.00,0.00,0.00,0.00,1.00,0.00,0.00,255,1,0.00,0.87,1.00,0.00,0.00,0.00,0.00,0.00,normal.
2630,udp,other,SF,145,105,0,0,0,0,0,0,0,0,0,0,0,0,0,0,0,0,1,1,0.00,0.00,0.00,0.00,1.00,0.00,0.00,255,1,0.00,0.87,1.00,0.00,0.00,0.00,0.00,0.00,normal.
2630,udp,other,SF,145,105,0,0,0,0,0,0,0,0,0,0,0,0,0,0,0,0,1,1,0.00,0.00,0.00,0.00,1.00,0.00,0.00,255,1,0.00,0.87,1.00,0.00,0.00,0.00,0.00,0.00,normal.
2630,udp,other,SF,145,105,0,0,0,0,0,0,0,0,0,0,0,0,0,0,0,0,1,1,0.00,0.00,0.00,0.00,1.00,0.00,0.00,255,1,0.00,0.87,1.00,0.00,0.00,0.00,0.00,0.00,normal.
2630,udp,other,SF,145,105,0,0,0,0,0,0,0,0,0,0,0,0,0,0,0,0,1,1,0.00,0.00,0.00,0.00,1.00,0.00,0.00,255,1,0.00,0.87,1.00,0.00,0.00,0.00,0.00,0.00,normal.
2630,udp,other,SF,145,105,0,0,0,0,0,0,0,0,0,0,0,0,0,0,0,0,1,1,0.00,0.00,0.00,0.00,1.00,0.00,0.00,255,1,0.00,0.87,1.00,0.00,0.00,0.00,0.00,0.00,normal.
2630,udp,other,SF,145,105,0,0,0,0,0,0,0,0,0,0,0,0,0,0,0,0,1,1,0.00,0.00,0.00,0.00,1.00,0.00,0.00,255,1,0.00,0.87,1.00,0.00,0.00,0.00,0.00,0.00,normal.
2630,udp,other,SF,145,105,0,0,0,0,0,0,0,0,0,0,0,0,0,0,0,0,1,1,0.00,0.00,0.00,0.00,1.00,0.00,0.00,255,1,0.00,0.87,1.00,0.00,0.00,0.00,0.00,0.00,normal.
2630,udp,other,SF,145,105,0,0,0,0,0,0,0,0,0,0,0,0,0,0,0,0,1,1,0.00,0.00,0.00,0.00,1.00,0.00,0.00,255,1,0.00,0.87,1.00,0.00,0.00,0.00,0.00,0.00,normal.
2630,udp,other,SF,145,105,0,0,0,0,0,0,0,0,0,0,0,0,0,0,0,0,1,1,0.00,0.00,0.00,0.00,1.00,0.00,0.00,255,1,0.00,0.87,1.00,0.00,0.00,0.00,0.00,0.00,normal.
2630,udp,other,SF,145,105,0,0,0,0,0,0,0,0,0,0,0,0,0,0,0,0,1,1,0.00,0.00,0.00,0.00,1.00,0.00,0.00,255,1,0.00,0.87,1.00,0.00,0.00,0.00,0.00,0.00,normal.
2630,udp,other,SF,145,105,0,0,0,0,0,0,0,0,0,0,0,0,0,0,0,0,1,1,0.00,0.00,0.00,0.00,1.00,0.00,0.00,255,1,0.00,0.87,1.00,0.00,0.00,0.00,0.00,0.00,normal.
2630,udp,other,SF,145,105,0,0,0,0,0,0,0,0,0,0,0,0,0,0,0,0,1,1,0.00,0.00,0.00,0.00,1.00,0.00,0.00,255,1,0.00,0.87,1.00,0.00,0.00,0.00,0.00,0.00,normal.
2630,udp,other,SF,145,105,0,0,0,0,0,0,0,0,0,0,0,0,0,0,0,0,1,1,0.00,0.00,0.00,0.00,1.00,0.00,0.00,255,1,0.00,0.87,1.00,0.00,0.00,0.00,0.00,0.00,normal.
2630,udp,other,SF,145,105,0,0,0,0,0,0,0,0,0,0,0,0,0,0,0,0,1,1,0.00,0.00,0.00,0.00,1.00,0.00,0.00,255,1,0.00,0.87,1.00,0.00,0.00,0.00,0.00,0.00,normal.
2630,udp,other,SF,145,105,0,0,0,0,0,0,0,0,0,0,0,0,0,0,0,0,1,1,0.00,0.00,0.00,0.00,1.00,0.00,0.00,255,1,0.00,0.87,1.00,0.00,0.00,0.00,0.00,0.00,normal.
2630,udp,other,SF,145,105,0,0,0,0,0,0,0,0,0,0,0,0,0,0,0,0,1,1,0.00,0.00,0.00,0.00,1.00,0.00,0.00,255,1,0.00,0.87,1.00,0.00,0.00,0.00,0.00,0.00,normal.
2630,udp,other,SF,145,105,0,0,0,0,0,0,0,0,0,0,0,0,0,0,0,0,1,1,0.00,0.00,0.00,0.00,1.00,0.00,0.00,255,1,0.00,0.87,1.00,0.00,0.00,0.00,0.00,0.00,normal.
2630,udp,other,SF,145,105,0,0,0,0,0,0,0,0,0,0,0,0,0,0,0,0,1,1,0.00,0.00,0.00,0.00,1.00,0.00,0.00,255,1,0.00,0.87,1.00,0.00,0.00,0.00,0.00,0.00,normal.
2630,udp,other,SF,145,105,0,0,0,0,0,0,0,0,0,0,0,0,0,0,0,0,1,1,0.00,0.00,0.00,0.00,1.00,0.00,0.00,255,1,0.00,0.87,1.00,0.00,0.00,0.00,0.00,0.00,normal.
2630,udp,other,SF,145,105,0,0,0,0,0,0,0,0,0,0,0,0,0,0,0,0,1,1,0.00,0.00,0.00,0.00,1.00,0.00,0.00,255,1,0.00,0.87,1.00,0.00,0.00,0.00,0.00,0.00,normal.
2630,udp,other,SF,145,105,0,0,0,0,0,0,0,0,0,0,0,0,0,0,0,0,1,1,0.00,0.00,0.00,0.00,1.00,0.00,0.00,255,1,0.00,0.87,1.00,0.00,0.00,0.00,0.00,0.00,normal.
2630,udp,other,SF,145,105,0,0,0,0,0,0,0,0,0,0,0,0,0,0,0,0,1,1,0.00,0.00,0.00,0.00,1.00,0.00,0.00,255,1,0.00,0.87,1.00,0.00,0.00,0.00,0.00,0.00,normal.
2630,udp,other,SF,145,105,0,0,0,0,0,0,0,0,0,0,0,0,0,0,0,0,1,1,0.00,0.00,0.00,0.00,1.00,0.00,0.00,255,1,0.00,0.87,1.00,0.00,0.00,0.00,0.00,0.00,normal.
2630,udp,other,SF,145,105,0,0,0,0,0,0,0,0,0,0,0,0,0,0,0,0,1,1,0.00,0.00,0.00,0.00,1.00,0.00,0.00,255,1,0.00,0.87,1.00,0.00,0.00,0.00,0.00,0.00,normal.
2630,udp,other,SF,145,105,0,0,0,0,0,0,0,0,0,0,0,0,0,0,0,0,1,1,0.00,0.00,0.00,0.00,1.00,0.00,0.00,255,1,0.00,0.87,1.00,0.00,0.00,0.00,0.00,0.00,normal.
2630,udp,other,SF,145,105,0,0,0,0,0,0,0,0,0,0,0,0,0,0,0,0,1,1,0.00,0.00,0.00,0.00,1.00,0.00,0.00,255,1,0.00,0.87,1.00,0.00,0.00,0.00,0.00,0.00,normal.
2630,udp,other,SF,145,105,0,0,0,0,0,0,0,0,0,0,0,0,0,0,0,0,1,1,0.00,0.00,0.00,0.00,1.00,0.00,0.00,255,1,0.00,0.87,1.00,0.00,0.00,0.00,0.00,0.00,normal.
2630,udp,other,SF,145,105,0,0,0,0,0,0,0,0,0,0,0,0,0,0,0,0,1,1,0.00,0.00,0.00,0.00,1.00,0.00,0.00,255,1,0.00,0.87,1.00,0.00,0.00,0.00,0.00,0.00,normal.
2630,udp,other,SF,145,105,0,0,0,0,0,0,0,0,0,0,0,0,0,0,0,0,1,1,0.00,0.00,0.00,0.00,1.00,0.00,0.00,255,1,0.00,0.87,1.00,0.00,0.00,0.00,0.00,0.00,normal.
2630,udp,other,SF,145,105,0,0,0,0,0,0,0,0,0,0,0,0,0,0,0,0,1,1,0.00,0.00,0.00,0.00,1.00,0.00,0.00,255,1,0.00,0.87,1.00,0.00,0.00,0.00,0.00,0.00,normal.
2630,udp,other,SF,145,105,0,0,0,0,0,0,0,0,0,0,0,0,0,0,0,0,1,1,0.00,0.00,0.00,0.00,1.00,0.00,0.00,255,1,0.00,0.87,1.00,0.00,0.00,0.00,0.00,0.00,normal.
2630,udp,other,SF,145,105,0,0,0,0,0,0,0,0,0,0,0,0,0,0,0,0,1,1,0.00,0.00,0.00,0.00,1.00,0.00,0.00,255,1,0.00,0.87,1.00,0.00,0.00,0.00,0.00,0.00,normal.
2630,udp,other,SF,145,105,0,0,0,0,0,0,0,0,0,0,0,0,0,0,0,0,1,1,0.00,0.00,0.00,0.00,1.00,0.00,0.00,255,1,0.00,0.87,1.00,0.00,0.00,0.00,0.00,0.00,normal.
2630,udp,other,SF,145,105,0,0,0,0,0,0,0,0,0,0,0,0,0,0,0,0,1,1,0.00,0.00,0.00,0.00,1.00,0.00,0.00,255,1,0.00,0.87,1.00,0.00,0.00,0.00,0.00,0.00,normal.
0,udp,other,SF,145,0,0,0,0,0,0,0,0,0,0,0,0,0,0,0,0,0,1,1,0.00,0.00,0.00,0.00,1.00,0.00,0.00,81,1,0.01,0.68,0.91,0.00,0.00,0.00,0.00,0.00,normal.
0,tcp,other,REJ,0,0,0,0,0,0,0,0,0,0,0,0,0,0,0,0,0,0,510,1,0.09,0.00,0.91,1.00,0.00,1.00,0.00,255,1,0.00,1.00,0.00,0.00,0.12,0.00,0.88,1.00,satan.
0,tcp,other,REJ,0,0,0,0,0,0,0,0,0,0,0,0,0,0,0,0,0,0,510,1,0.09,0.00,0.91,1.00,0.00,1.00,0.00,255,1,0.00,1.00,0.00,0.00,0.12,0.00,0.88,1.00,satan.
2580,udp,other,SF,146,105,0,0,0,0,0,0,0,0,0,0,0,0,0,0,0,0,2,2,0.00,0.00,0.00,0.00,1.00,0.00,0.00,255,2,0.01,0.87,1.00,0.00,0.00,0.00,0.00,0.00,normal.
2580,udp,other,SF,146,105,0,0,0,0,0,0,0,0,0,0,0,0,0,0,0,0,2,2,0.00,0.00,0.00,0.00,1.00,0.00,0.00,255,2,0.01,0.87,1.00,0.00,0.00,0.00,0.00,0.00,normal.
10719,udp,other,SF,146,105,0,0,0,0,0,0,0,0,0,0,0,0,0,0,0,0,1,1,0.00,0.00,0.00,0.00,1.00,0.00,0.00,255,1,0.00,0.49,0.91,0.00,0.00,0.00,0.00,0.00,normal.
0,tcp,other,REJ,0,0,0,0,0,0,0,0,0,0,0,0,0,0,0,0,0,0,511,1,0.14,0.00,0.86,1.00,0.00,1.00,0.00,255,1,0.00,1.00,0.00,0.00,0.24,0.00,0.76,1.00,satan.
2620,udp,other,SF,145,105,0,0,0,0,0,0,0,0,0,0,0,0,0,0,0,0,2,2,0.00,0.00,0.00,0.00,1.00,0.00,0.00,255,2,0.01,0.84,1.00,0.00,0.00,0.00,0.00,0.00,normal.
0,tcp,other,S0,0,0,0,0,0,0,0,0,0,0,0,0,0,0,0,0,0,0,509,1,0.08,1.00,0.92,0.00,0.00,1.00,0.00,255,1,0.00,1.00,0.00,0.00,0.10,1.00,0.90,0.00,satan.
10808,udp,other,SF,145,105,0,0,0,0,0,0,0,0,0,0,0,0,0,0,0,0,1,1,0.00,0.00,0.00,0.00,1.00,0.00,0.00,255,2,0.01,0.40,0.73,0.00,0.00,0.00,0.00,0.00,normal.
2630,udp,other,SF,145,105,0,0,0,0,0,0,0,0,0,0,0,0,0,0,0,0,1,1,0.00,0.00,0.00,0.00,1.00,0.00,0.00,255,1,0.00,0.87,0.99,0.00,0.00,0.00,0.00,0.00,normal.
2630,udp,other,SF,145,105,0,0,0,0,0,0,0,0,0,0,0,0,0,0,0,0,1,1,0.00,0.00,0.00,0.00,1.00,0.00,0.00,255,1,0.00,0.87,0.99,0.00,0.00,0.00,0.00,0.00,normal.
418,udp,other,SF,146,105,0,0,0,0,0,0,0,0,0,0,0,0,0,0,0,0,1,1,0.00,0.00,0.00,0.00,1.00,0.00,0.00,43,1,0.02,0.77,0.98,0.00,0.00,0.00,0.00,0.00,normal.
0,udp,other,SF,147,0,0,0,0,0,0,0,0,0,0,0,0,0,0,0,0,0,3,1,0.00,0.00,0.00,0.00,0.33,0.67,0.00,255,1,0.00,0.63,0.89,0.00,0.00,0.00,0.00,0.00,normal.
4298,udp,other,SF,147,105,0,0,0,0,0,0,0,0,0,0,0,0,0,0,0,0,1,1,0.00,0.00,0.00,0.00,1.00,0.00,0.00,255,1,0.00,0.82,1.00,0.00,0.00,0.00,0.00,0.00,normal.
4298,udp,other,SF,147,105,0,0,0,0,0,0,0,0,0,0,0,0,0,0,0,0,1,1,0.00,0.00,0.00,0.00,1.00,0.00,0.00,255,1,0.00,0.82,1.00,0.00,0.00,0.00,0.00,0.00,normal.
0,udp,other,SF,147,147,0,0,0,0,0,0,0,0,0,0,0,0,0,0,0,0,3,2,0.00,0.00,0.00,0.00,0.67,0.67,0.00,255,2,0.01,0.71,0.97,0.00,0.00,0.00,0.00,0.00,normal.
19750,udp,other,SF,147,105,0,0,0,0,0,0,0,0,0,0,0,0,0,0,0,0,6,2,0.00,0.00,0.00,0.00,0.33,0.50,0.00,255,2,0.01,0.83,1.00,0.00,0.00,0.00,0.00,0.00,normal.
4339,udp,other,SF,146,105,0,0,0,0,0,0,0,0,0,0,0,0,0,0,0,0,1,1,0.00,0.00,0.00,0.00,1.00,0.00,0.00,255,1,0.00,0.53,0.73,0.00,0.00,0.00,0.00,0.00,normal.
0,udp,other,SF,145,0,0,0,0,0,0,0,0,0,0,0,0,0,0,0,0,0,1,1,0.00,0.00,0.00,0.00,1.00,0.00,0.00,255,1,0.00,0.13,0.20,0.00,0.00,0.00,0.00,0.00,normal.
0,tcp,other,SF,3468,0,0,0,0,0,0,1,0,0,0,0,0,0,0,0,0,0,23,1,0.04,0.00,0.00,0.00,0.04,0.43,0.00,60,1,0.02,0.22,0.58,0.00,0.02,0.00,0.00,0.00,normal.
0,udp,other,SF,147,0,0,0,0,0,0,0,0,0,0,0,0,0,0,0,0,0,1,1,0.00,0.00,0.00,0.00,1.00,0.00,0.00,255,1,0.00,0.56,0.87,0.00,0.00,0.00,0.00,0.00,normal.
3591,udp,other,SF,147,105,0,0,0,0,0,0,0,0,0,0,0,0,0,0,0,0,1,1,0.00,0.00,0.00,0.00,1.00,0.00,0.00,255,2,0.01,0.56,0.89,0.00,0.00,0.00,0.00,0.00,normal.
14605,udp,other,SF,147,105,0,0,0,0,0,0,0,0,0,0,0,0,0,0,0,0,6,2,0.00,0.00,0.00,0.00,0.33,0.50,0.00,255,4,0.02,0.63,0.96,0.00,0.00,0.00,0.00,0.00,normal.
2363,udp,other,SF,147,105,0,0,0,0,0,0,0,0,0,0,0,0,0,0,0,0,4,2,0.00,0.00,0.00,0.00,0.50,0.50,0.00,255,2,0.01,0.85,1.00,0.00,0.00,0.00,0.00,0.00,normal.
2630,udp,other,SF,146,105,0,0,0,0,0,0,0,0,0,0,0,0,0,0,0,0,5,1,0.00,0.00,0.00,0.00,0.20,0.60,0.00,255,1,0.00,0.84,1.00,0.00,0.00,0.00,0.00,0.00,normal.
2630,udp,other,SF,146,105,0,0,0,0,0,0,0,0,0,0,0,0,0,0,0,0,5,1,0.00,0.00,0.00,0.00,0.20,0.60,0.00,255,1,0.00,0.84,1.00,0.00,0.00,0.00,0.00,0.00,normal.
2630,udp,other,SF,146,105,0,0,0,0,0,0,0,0,0,0,0,0,0,0,0,0,5,1,0.00,0.00,0.00,0.00,0.20,0.60,0.00,255,1,0.00,0.84,1.00,0.00,0.00,0.00,0.00,0.00,normal.
550,udp,other,SF,145,105,0,0,0,0,0,0,0,0,0,0,0,0,0,0,0,0,4,2,0.00,0.00,0.00,0.00,0.50,0.50,0.00,255,2,0.01,0.43,0.84,0.00,0.00,0.00,0.00,0.00,normal.
16794,udp,other,SF,147,105,0,0,0,0,0,0,0,0,0,0,0,0,0,0,0,0,1,1,0.00,0.00,0.00,0.00,1.00,0.00,0.00,255,1,0.00,0.84,0.98,0.00,0.00,0.00,0.00,0.00,normal.
17427,udp,other,SF,147,105,0,0,0,0,0,0,0,0,0,0,0,0,0,0,0,0,1,1,0.00,0.00,0.00,0.00,1.00,0.00,0.00,255,1,0.00,0.71,0.98,0.00,0.00,0.00,0.00,0.00,normal.
1934,udp,other,SF,146,105,0,0,0,0,0,0,0,0,0,0,0,0,0,0,0,0,2,2,0.00,0.00,0.00,0.00,1.00,0.00,0.00,255,2,0.01,0.53,0.89,0.00,0.00,0.00,0.00,0.00,normal.
820,udp,other,SF,147,105,0,0,0,0,0,0,0,0,0,0,0,0,0,0,0,0,5,1,0.00,0.00,0.00,0.00,0.20,0.60,0.00,255,1,0.00,0.69,0.97,0.00,0.00,0.00,0.00,0.00,normal.
15628,udp,other,SF,146,105,0,0,0,0,0,0,0,0,0,0,0,0,0,0,0,0,1,1,0.00,0.00,0.00,0.00,1.00,0.00,0.00,255,1,0.00,0.85,1.00,0.00,0.00,0.00,0.00,0.00,normal.
3953,udp,other,SF,146,105,0,0,0,0,0,0,0,0,0,0,0,0,0,0,0,0,1,1,0.00,0.00,0.00,0.00,1.00,0.00,0.00,255,3,0.01,0.50,0.92,0.00,0.00,0.00,0.00,0.00,normal.
755,udp,other,SF,147,105,0,0,0,0,0,0,0,0,0,0,0,0,0,0,0,0,2,2,0.00,0.00,0.00,0.00,1.00,0.00,0.00,255,2,0.01,0.64,0.89,0.00,0.00,0.00,0.00,0.00,normal.
2739,udp,other,SF,147,105,0,0,0,0,0,0,0,0,0,0,0,0,0,0,0,0,1,1,0.00,0.00,0.00,0.00,1.00,0.00,0.00,255,2,0.01,0.74,1.00,0.00,0.00,0.00,0.00,0.00,normal.
0,udp,other,SF,147,0,0,0,0,0,0,0,0,0,0,0,0,0,0,0,0,0,3,1,0.00,0.00,0.00,0.00,0.33,0.67,0.00,255,1,0.00,0.85,1.00,0.00,0.00,0.00,0.00,0.00,normal.
0,udp,other,SF,147,0,0,0,0,0,0,0,0,0,0,0,0,0,0,0,0,0,3,1,0.00,0.00,0.00,0.00,0.33,0.67,0.00,255,1,0.00,0.85,1.00,0.00,0.00,0.00,0.00,0.00,normal.
0,udp,other,SF,147,0,0,0,0,0,0,0,0,0,0,0,0,0,0,0,0,0,3,1,0.00,0.00,0.00,0.00,0.33,0.67,0.00,255,1,0.00,0.85,1.00,0.00,0.00,0.00,0.00,0.00,normal.
0,udp,other,SF,147,0,0,0,0,0,0,0,0,0,0,0,0,0,0,0,0,0,3,1,0.00,0.00,0.00,0.00,0.33,0.67,0.00,255,1,0.00,0.85,1.00,0.00,0.00,0.00,0.00,0.00,normal.
0,udp,other,SF,147,0,0,0,0,0,0,0,0,0,0,0,0,0,0,0,0,0,3,1,0.00,0.00,0.00,0.00,0.33,0.67,0.00,255,1,0.00,0.85,1.00,0.00,0.00,0.00,0.00,0.00,normal.
0,udp,other,SF,147,0,0,0,0,0,0,0,0,0,0,0,0,0,0,0,0,0,3,1,0.00,0.00,0.00,0.00,0.33,0.67,0.00,255,1,0.00,0.85,1.00,0.00,0.00,0.00,0.00,0.00,normal.
0,udp,other,SF,147,0,0,0,0,0,0,0,0,0,0,0,0,0,0,0,0,0,3,1,0.00,0.00,0.00,0.00,0.33,0.67,0.00,255,1,0.00,0.85,1.00,0.00,0.00,0.00,0.00,0.00,normal.
0,udp,other,SF,147,0,0,0,0,0,0,0,0,0,0,0,0,0,0,0,0,0,3,1,0.00,0.00,0.00,0.00,0.33,0.67,0.00,255,1,0.00,0.85,1.00,0.00,0.00,0.00,0.00,0.00,normal.
0,udp,other,SF,147,0,0,0,0,0,0,0,0,0,0,0,0,0,0,0,0,0,3,1,0.00,0.00,0.00,0.00,0.33,0.67,0.00,255,1,0.00,0.85,1.00,0.00,0.00,0.00,0.00,0.00,normal.
0,udp,other,SF,147,0,0,0,0,0,0,0,0,0,0,0,0,0,0,0,0,0,3,1,0.00,0.00,0.00,0.00,0.33,0.67,0.00,255,1,0.00,0.85,1.00,0.00,0.00,0.00,0.00,0.00,normal.
0,udp,other,SF,147,0,0,0,0,0,0,0,0,0,0,0,0,0,0,0,0,0,3,1,0.00,0.00,0.00,0.00,0.33,0.67,0.00,255,1,0.00,0.85,1.00,0.00,0.00,0.00,0.00,0.00,normal.
0,udp,other,SF,147,0,0,0,0,0,0,0,0,0,0,0,0,0,0,0,0,0,3,1,0.00,0.00,0.00,0.00,0.33,0.67,0.00,255,1,0.00,0.85,1.00,0.00,0.00,0.00,0.00,0.00,normal.
2208,udp,other,SF,147,105,0,0,0,0,0,0,0,0,0,0,0,0,0,0,0,0,1,1,0.00,0.00,0.00,0.00,1.00,0.00,0.00,255,1,0.00,0.72,0.97,0.00,0.00,0.00,0.00,0.00,normal.
4520,udp,other,SF,146,105,0,0,0,0,0,0,0,0,0,0,0,0,0,0,0,0,1,1,0.00,0.00,0.00,0.00,1.00,0.00,0.00,255,1,0.00,0.80,0.99,0.00,0.00,0.00,0.00,0.00,normal.
0,tcp,other,S0,0,0,0,0,0,0,0,0,0,0,0,0,0,0,0,0,0,0,510,1,0.25,1.00,0.75,0.00,0.00,1.00,0.00,255,1,0.00,1.00,0.00,0.00,0.16,1.00,0.84,0.00,satan.
0,tcp,other,S0,0,0,0,0,0,0,0,0,0,0,0,0,0,0,0,0,0,0,511,1,0.10,1.00,0.87,0.00,0.00,1.00,0.00,255,1,0.00,1.00,0.00,0.00,0.09,1.00,0.86,0.00,satan.
17042,udp,other,SF,147,105,0,0,0,0,0,0,0,0,0,0,0,0,0,0,0,0,1,1,0.00,0.00,0.00,0.00,1.00,0.00,0.00,255,1,0.00,0.85,1.00,0.00,0.00,0.00,0.00,0.00,normal.
0,tcp,other,S0,0,0,0,0,0,0,0,0,0,0,0,0,0,0,0,0,0,0,261,18,1.00,1.00,0.00,0.00,0.07,0.06,0.00,255,18,0.07,0.08,0.00,0.00,1.00,1.00,0.00,0.00,neptune.
1482,udp,other,SF,147,105,0,0,0,0,0,0,0,0,0,0,0,0,0,0,0,0,1,1,0.00,0.00,0.00,0.00,1.00,0.00,0.00,255,1,0.00,0.83,1.00,0.00,0.00,0.00,0.00,0.00,normal.
0,tcp,other,REJ,0,0,0,0,0,0,0,0,0,0,0,0,0,0,0,0,0,0,511,1,0.14,0.00,0.86,1.00,0.00,1.00,0.00,255,1,0.00,1.00,0.00,0.00,0.28,0.00,0.72,1.00,satan.
15816,udp,other,SF,146,105,0,0,0,0,0,0,0,0,0,0,0,0,0,0,0,0,2,2,0.00,0.00,0.00,0.00,1.00,0.00,0.00,255,2,0.01,0.62,0.89,0.00,0.00,0.00,0.00,0.00,normal.
359,udp,other,SF,145,105,0,0,0,0,0,0,0,0,0,0,0,0,0,0,0,0,4,2,0.00,0.00,0.00,0.00,0.50,0.50,0.00,255,2,0.01,0.62,0.83,0.00,0.00,0.00,0.00,0.00,normal.
0,tcp,other,REJ,0,0,0,0,0,0,0,0,0,0,0,0,0,0,0,0,0,0,510,1,0.09,0.00,0.91,1.00,0.00,1.00,0.00,255,1,0.00,1.00,0.00,0.00,0.09,0.00,0.91,1.00,satan.
3684,udp,other,SF,147,105,0,0,0,0,0,0,0,0,0,0,0,0,0,0,0,0,1,1,0.00,0.00,0.00,0.00,1.00,0.00,0.00,255,1,0.00,0.85,1.00,0.00,0.00,0.00,0.00,0.00,normal.
1149,udp,other,SF,146,105,0,0,0,0,0,0,0,0,0,0,0,0,0,0,0,0,1,1,0.00,0.00,0.00,0.00,1.00,0.00,0.00,255,3,0.01,0.61,0.93,0.00,0.00,0.00,0.00,0.00,normal.
0,udp,other,SF,146,0,0,0,0,0,0,0,0,0,0,0,0,0,0,0,0,0,1,1,0.00,0.00,0.00,0.00,1.00,0.00,0.00,255,1,0.00,0.65,0.98,0.00,0.00,0.00,0.00,0.00,normal.
12846,udp,other,SF,146,105,0,0,0,0,0,0,0,0,0,0,0,0,0,0,0,0,2,2,0.00,0.00,0.00,0.00,1.00,0.00,0.00,249,2,0.01,0.43,0.75,0.00,0.00,0.00,0.00,0.00,normal.
0,tcp,other,REJ,0,0,0,0,0,0,0,0,0,0,0,0,0,0,0,0,0,0,508,1,0.05,0.00,0.95,1.00,0.00,1.00,0.00,255,1,0.00,1.00,0.00,0.00,0.10,0.00,0.90,1.00,satan.
0,tcp,other,REJ,0,0,0,0,0,0,0,0,0,0,0,0,0,0,0,0,0,0,508,1,0.05,0.00,0.95,1.00,0.00,1.00,0.00,255,1,0.00,1.00,0.00,0.00,0.10,0.00,0.90,1.00,satan.
0,tcp,other,REJ,0,0,0,0,0,0,0,0,0,0,0,0,0,0,0,0,0,0,508,1,0.05,0.00,0.95,1.00,0.00,1.00,0.00,255,1,0.00,1.00,0.00,0.00,0.10,0.00,0.90,1.00,satan.
8429,udp,other,SF,147,105,0,0,0,0,0,0,0,0,0,0,0,0,0,0,0,0,1,1,0.00,0.00,0.00,0.00,1.00,0.00,0.00,255,2,0.01,0.60,0.86,0.00,0.00,0.00,0.00,0.00,normal.
15440,udp,other,SF,145,105,0,0,0,0,0,0,0,0,0,0,0,0,0,0,0,0,1,1,0.00,0.00,0.00,0.00,1.00,0.00,0.00,255,1,0.00,0.86,1.00,0.00,0.00,0.00,0.00,0.00,normal.
8037,udp,other,SF,147,105,0,0,0,0,0,0,0,0,0,0,0,0,0,0,0,0,1,1,0.00,0.00,0.00,0.00,1.00,0.00,0.00,255,1,0.00,0.85,0.99,0.00,0.00,0.00,0.00,0.00,normal.
7782,udp,other,SF,147,105,0,0,0,0,0,0,0,0,0,0,0,0,0,0,0,0,1,1,0.00,0.00,0.00,0.00,1.00,0.00,0.00,255,1,0.00,0.85,1.00,0.00,0.00,0.00,0.00,0.00,normal.
7782,udp,other,SF,147,105,0,0,0,0,0,0,0,0,0,0,0,0,0,0,0,0,1,1,0.00,0.00,0.00,0.00,1.00,0.00,0.00,255,1,0.00,0.85,1.00,0.00,0.00,0.00,0.00,0.00,normal.
7782,udp,other,SF,147,105,0,0,0,0,0,0,0,0,0,0,0,0,0,0,0,0,1,1,0.00,0.00,0.00,0.00,1.00,0.00,0.00,255,1,0.00,0.85,1.00,0.00,0.00,0.00,0.00,0.00,normal.
7782,udp,other,SF,147,105,0,0,0,0,0,0,0,0,0,0,0,0,0,0,0,0,1,1,0.00,0.00,0.00,0.00,1.00,0.00,0.00,255,1,0.00,0.85,1.00,0.00,0.00,0.00,0.00,0.00,normal.
0,tcp,other,REJ,0,0,0,0,0,0,0,0,0,0,0,0,0,0,0,0,0,0,509,1,0.23,0.00,0.77,1.00,0.00,1.00,0.00,255,1,0.00,1.00,0.00,0.00,0.16,0.00,0.84,1.00,satan.
0,tcp,other,REJ,0,0,0,0,0,0,0,0,0,0,0,0,0,0,0,0,0,0,509,1,0.23,0.00,0.77,1.00,0.00,1.00,0.00,255,1,0.00,1.00,0.00,0.00,0.16,0.00,0.84,1.00,satan.
0,udp,other,SF,147,0,0,0,0,0,0,0,0,0,0,0,0,0,0,0,0,0,1,1,0.00,0.00,0.00,0.00,1.00,0.00,0.00,255,1,0.00,0.67,0.95,0.00,0.00,0.00,0.00,0.00,normal.
2660,udp,other,SF,147,105,0,0,0,0,0,0,0,0,0,0,0,0,0,0,0,0,2,2,0.00,0.00,0.00,0.00,1.00,0.00,0.00,255,2,0.01,0.69,1.00,0.00,0.00,0.00,0.00,0.00,normal.
9480,udp,other,SF,145,105,0,0,0,0,0,0,0,0,0,0,0,0,0,0,0,0,1,1,0.00,0.00,0.00,0.00,1.00,0.00,0.00,255,1,0.00,0.64,0.95,0.00,0.00,0.00,0.00,0.00,normal.
0,udp,other,SF,147,147,0,0,0,0,0,0,0,0,0,0,0,0,0,0,0,0,2,2,0.00,0.00,0.00,0.00,1.00,0.00,0.00,255,2,0.01,0.69,0.98,0.00,0.00,0.00,0.00,0.00,normal.
9419,udp,other,SF,147,105,0,0,0,0,0,0,0,0,0,0,0,0,0,0,0,0,1,1,0.00,0.00,0.00,0.00,1.00,0.00,0.00,255,1,0.00,0.82,1.00,0.00,0.00,0.00,0.00,0.00,normal.
0,udp,other,SF,1,0,0,0,0,0,0,0,0,0,0,0,0,0,0,0,0,0,27,1,0.00,0.00,0.00,0.00,0.04,0.19,0.00,255,1,0.00,0.16,0.50,0.00,0.00,0.00,0.44,0.00,satan.
2524,udp,other,SF,147,105,0,0,0,0,0,0,0,0,0,0,0,0,0,0,0,0,1,1,0.00,0.00,0.00,0.00,1.00,0.00,0.00,255,1,0.00,0.84,1.00,0.00,0.00,0.00,0.00,0.00,normal.
2477,udp,other,SF,147,105,0,0,0,0,0,0,0,0,0,0,0,0,0,0,0,0,1,1,0.00,0.00,0.00,0.00,1.00,0.00,0.00,255,1,0.00,0.87,0.98,0.00,0.00,0.00,0.00,0.00,normal.
0,udp,other,SF,145,0,0,0,0,0,0,0,0,0,0,0,0,0,0,0,0,0,4,1,0.00,0.00,0.00,0.00,0.25,0.75,0.00,255,1,0.00,0.43,0.85,0.00,0.00,0.00,0.00,0.00,normal.
0,tcp,other,REJ,0,0,0,0,0,0,0,0,0,0,0,0,0,0,0,0,0,0,511,1,0.30,0.00,0.70,1.00,0.00,1.00,0.00,255,1,0.00,1.00,0.00,0.00,0.31,0.00,0.69,1.00,satan.
0,udp,other,SF,146,0,0,0,0,0,0,0,0,0,0,0,0,0,0,0,0,0,2,1,0.00,0.00,0.00,0.00,0.50,1.00,0.00,255,2,0.01,0.85,0.98,0.00,0.00,0.00,0.00,0.00,normal.
0,udp,other,SF,147,0,0,0,0,0,0,0,0,0,0,0,0,0,0,0,0,0,5,1,0.20,0.00,0.00,0.00,0.20,0.60,0.00,255,1,0.00,0.53,0.93,0.00,0.00,0.00,0.00,0.00,normal.
0,udp,other,SF,146,0,0,0,0,0,0,0,0,0,0,0,0,0,0,0,0,0,1,1,0.00,0.00,0.00,0.00,1.00,0.00,0.00,255,1,0.00,0.64,0.95,0.00,0.00,0.00,0.00,0.00,normal.
0,udp,other,SF,146,0,0,0,0,0,0,0,0,0,0,0,0,0,0,0,0,0,1,1,0.00,0.00,0.00,0.00,1.00,0.00,0.00,255,1,0.00,0.64,0.95,0.00,0.00,0.00,0.00,0.00,normal.
4717,udp,other,SF,147,105,0,0,0,0,0,0,0,0,0,0,0,0,0,0,0,0,1,1,0.00,0.00,0.00,0.00,1.00,0.00,0.00,255,1,0.00,0.83,1.00,0.00,0.00,0.00,0.00,0.00,normal.
4717,udp,other,SF,147,105,0,0,0,0,0,0,0,0,0,0,0,0,0,0,0,0,1,1,0.00,0.00,0.00,0.00,1.00,0.00,0.00,255,1,0.00,0.83,1.00,0.00,0.00,0.00,0.00,0.00,normal.
675,udp,other,SF,145,105,0,0,0,0,0,0,0,0,0,0,0,0,0,0,0,0,1,1,0.00,0.00,0.00,0.00,1.00,0.00,0.00,255,1,0.00,0.66,0.96,0.00,0.00,0.00,0.00,0.00,normal.
1909,udp,other,SF,145,105,0,0,0,0,0,0,0,0,0,0,0,0,0,0,0,0,1,1,0.00,0.00,0.00,0.00,1.00,0.00,0.00,69,1,0.01,0.67,0.83,0.00,0.00,0.00,0.00,0.00,normal.
2639,udp,other,SF,146,105,0,0,0,0,0,0,0,0,0,0,0,0,0,0,0,0,1,1,0.00,0.00,0.00,0.00,1.00,0.00,0.00,255,1,0.00,0.82,1.00,0.00,0.00,0.00,0.00,0.00,normal.
1382,udp,other,SF,147,105,0,0,0,0,0,0,0,0,0,0,0,0,0,0,0,0,2,2,0.00,0.00,0.00,0.00,1.00,0.00,0.00,255,4,0.02,0.52,0.92,0.00,0.00,0.00,0.00,0.00,normal.
4686,udp,other,SF,146,105,0,0,0,0,0,0,0,0,0,0,0,0,0,0,0,0,2,2,0.00,0.00,0.00,0.00,1.00,0.00,0.00,255,2,0.01,0.84,0.99,0.00,0.00,0.00,0.00,0.00,normal.
184,udp,other,SF,145,105,0,0,0,0,0,0,0,0,0,0,0,0,0,0,0,0,1,1,0.00,0.00,0.00,0.00,1.00,0.00,0.00,255,1,0.00,0.63,0.96,0.00,0.00,0.00,0.00,0.00,normal.
9427,udp,other,SF,147,105,0,0,0,0,0,0,0,0,0,0,0,0,0,0,0,0,1,1,0.00,0.00,0.00,0.00,1.00,0.00,0.00,255,1,0.00,0.84,1.00,0.00,0.00,0.00,0.00,0.00,normal.
0,udp,other,SF,145,0,0,0,0,0,0,0,0,0,0,0,0,0,0,0,0,0,2,1,0.00,0.00,0.00,0.00,0.50,1.00,0.00,255,1,0.00,0.86,1.00,0.00,0.00,0.00,0.00,0.00,normal.
0,tcp,other,REJ,0,0,0,0,0,0,0,0,0,0,0,0,0,0,0,0,0,0,349,1,0.09,0.00,0.91,1.00,0.00,1.00,0.00,255,1,0.00,1.00,0.00,0.00,0.09,0.00,0.90,1.00,satan.
0,udp,other,SF,146,0,0,0,0,0,0,0,0,0,0,0,0,0,0,0,0,0,3,1,0.00,0.00,0.00,0.00,0.33,0.67,0.00,255,1,0.00,0.48,0.88,0.00,0.00,0.00,0.00,0.00,normal.
0,udp,other,SF,145,0,0,0,0,0,0,0,0,0,0,0,0,0,0,0,0,0,1,1,0.00,0.00,0.00,0.00,1.00,0.00,0.00,255,2,0.01,0.67,0.95,0.00,0.00,0.00,0.00,0.00,normal.
4336,udp,other,SF,146,105,0,0,0,0,0,0,0,0,0,0,0,0,0,0,0,0,1,1,0.00,0.00,0.00,0.00,1.00,0.00,0.00,255,1,0.00,0.63,0.96,0.00,0.00,0.00,0.00,0.00,normal.
13584,udp,other,SF,147,105,0,0,0,0,0,0,0,0,0,0,0,0,0,0,0,0,2,2,0.00,0.00,0.00,0.00,1.00,0.00,0.00,255,2,0.01,0.54,0.87,0.00,0.00,0.00,0.00,0.00,normal.
0,udp,other,SF,147,0,0,0,0,0,0,0,0,0,0,0,0,0,0,0,0,0,1,1,0.00,0.00,0.00,0.00,1.00,0.00,0.00,255,1,0.00,0.84,0.98,0.00,0.00,0.00,0.00,0.00,normal.
9240,udp,other,SF,147,105,0,0,0,0,0,0,0,0,0,0,0,0,0,0,0,0,1,1,0.00,0.00,0.00,0.00,1.00,0.00,0.00,255,1,0.00,0.78,0.99,0.00,0.00,0.00,0.00,0.00,normal.
2585,udp,other,SF,146,105,0,0,0,0,0,0,0,0,0,0,0,0,0,0,0,0,1,1,0.00,0.00,0.00,0.00,1.00,0.00,0.00,255,1,0.00,0.81,0.97,0.00,0.00,0.00,0.00,0.00,normal.
0,udp,other,SF,113,0,0,0,0,0,0,0,0,0,0,0,0,0,0,0,0,0,29,29,0.00,0.00,0.00,0.00,1.00,0.00,0.00,43,29,0.67,0.09,0.67,0.00,0.00,0.00,0.00,0.00,normal.
0,udp,other,SF,145,0,0,0,0,0,0,0,0,0,0,0,0,0,0,0,0,0,3,1,0.00,0.00,0.00,0.00,0.33,0.67,0.00,255,5,0.02,0.62,0.93,0.00,0.00,0.00,0.00,0.00,normal.
3126,udp,other,SF,146,105,0,0,0,0,0,0,0,0,0,0,0,0,0,0,0,0,4,2,0.00,0.00,0.00,0.00,0.50,0.50,0.00,255,3,0.01,0.80,1.00,0.00,0.00,0.00,0.00,0.00,normal.
0,udp,other,SF,147,0,0,0,0,0,0,0,0,0,0,0,0,0,0,0,0,0,5,1,0.00,0.00,0.00,0.00,0.20,0.60,0.00,255,4,0.02,0.62,0.93,0.00,0.00,0.00,0.00,0.00,normal.
2170,udp,other,SF,147,105,0,0,0,0,0,0,0,0,0,0,0,0,0,0,0,0,1,1,0.00,0.00,0.00,0.00,1.00,0.00,0.00,255,1,0.00,0.73,0.96,0.00,0.00,0.00,0.00,0.00,normal.
0,tcp,other,S0,0,0,0,0,0,0,0,0,0,0,0,0,0,0,0,0,0,0,509,1,0.22,1.00,0.78,0.00,0.00,1.00,0.00,255,1,0.00,1.00,0.00,0.00,0.13,1.00,0.87,0.00,satan.
1331,udp,other,SF,147,105,0,0,0,0,0,0,0,0,0,0,0,0,0,0,0,0,2,2,0.00,0.00,0.00,0.00,1.00,0.00,0.00,255,2,0.01,0.43,0.82,0.00,0.00,0.00,0.00,0.00,normal.
2715,udp,other,SF,147,105,0,0,0,0,0,0,0,0,0,0,0,0,0,0,0,0,1,1,0.00,0.00,0.00,0.00,1.00,0.00,0.00,255,1,0.00,0.82,1.00,0.00,0.00,0.00,0.00,0.00,normal.
2715,udp,other,SF,147,105,0,0,0,0,0,0,0,0,0,0,0,0,0,0,0,0,1,1,0.00,0.00,0.00,0.00,1.00,0.00,0.00,255,1,0.00,0.82,1.00,0.00,0.00,0.00,0.00,0.00,normal.
2715,udp,other,SF,147,105,0,0,0,0,0,0,0,0,0,0,0,0,0,0,0,0,1,1,0.00,0.00,0.00,0.00,1.00,0.00,0.00,255,1,0.00,0.82,1.00,0.00,0.00,0.00,0.00,0.00,normal.
0,tcp,other,S0,0,0,0,0,0,0,0,0,0,0,0,0,0,0,0,0,0,0,250,7,1.00,1.00,0.00,0.00,0.03,0.07,0.00,255,7,0.03,0.08,0.00,0.00,1.00,1.00,0.00,0.00,neptune.
2581,udp,other,SF,146,105,0,0,0,0,0,0,0,0,0,0,0,0,0,0,0,0,1,1,0.00,0.00,0.00,0.00,1.00,0.00,0.00,253,3,0.01,0.60,0.96,0.00,0.00,0.00,0.00,0.00,normal.
0,tcp,other,REJ,0,0,0,0,0,0,0,0,0,0,0,0,0,0,0,0,0,0,511,1,0.08,0.00,0.92,1.00,0.00,1.00,0.00,255,1,0.00,1.00,0.00,0.00,0.02,0.00,0.98,1.00,satan.
0,tcp,other,REJ,0,0,0,0,0,0,0,0,0,0,0,0,0,0,0,0,0,0,511,1,0.08,0.00,0.92,1.00,0.00,1.00,0.00,255,1,0.00,1.00,0.00,0.00,0.02,0.00,0.98,1.00,satan.
0,tcp,other,REJ,0,0,0,0,0,0,0,0,0,0,0,0,0,0,0,0,0,0,511,1,0.08,0.00,0.92,1.00,0.00,1.00,0.00,255,1,0.00,1.00,0.00,0.00,0.02,0.00,0.98,1.00,satan.
0,tcp,other,REJ,0,0,0,0,0,0,0,0,0,0,0,0,0,0,0,0,0,0,511,1,0.08,0.00,0.92,1.00,0.00,1.00,0.00,255,1,0.00,1.00,0.00,0.00,0.02,0.00,0.98,1.00,satan.
0,tcp,other,REJ,0,0,0,0,0,0,0,0,0,0,0,0,0,0,0,0,0,0,511,1,0.08,0.00,0.92,1.00,0.00,1.00,0.00,255,1,0.00,1.00,0.00,0.00,0.02,0.00,0.98,1.00,satan.
0,tcp,other,REJ,0,0,0,0,0,0,0,0,0,0,0,0,0,0,0,0,0,0,511,1,0.08,0.00,0.92,1.00,0.00,1.00,0.00,255,1,0.00,1.00,0.00,0.00,0.02,0.00,0.98,1.00,satan.
0,tcp,other,S0,0,0,0,0,0,0,0,0,0,0,0,0,0,0,0,0,0,0,147,1,1.00,1.00,0.00,0.00,0.01,0.07,0.00,255,1,0.00,0.07,0.00,0.00,1.00,1.00,0.00,0.00,neptune.
10136,udp,other,SF,147,105,0,0,0,0,0,0,0,0,0,0,0,0,0,0,0,0,2,2,0.00,0.00,0.00,0.00,1.00,0.00,0.00,255,2,0.01,0.72,0.98,0.00,0.00,0.00,0.00,0.00,normal.
2552,udp,other,SF,147,105,0,0,0,0,0,0,0,0,0,0,0,0,0,0,0,0,1,1,0.00,0.00,0.00,0.00,1.00,0.00,0.00,255,1,0.00,0.86,1.00,0.00,0.00,0.00,0.00,0.00,normal.
3990,udp,other,SF,147,105,0,0,0,0,0,0,0,0,0,0,0,0,0,0,0,0,1,1,0.00,0.00,0.00,0.00,1.00,0.00,0.00,255,1,0.00,0.83,1.00,0.00,0.00,0.00,0.00,0.00,normal.
8985,udp,other,SF,147,105,0,0,0,0,0,0,0,0,0,0,0,0,0,0,0,0,1,1,0.00,0.00,0.00,0.00,1.00,0.00,0.00,255,3,0.01,0.60,0.93,0.00,0.00,0.00,0.00,0.00,normal.
3465,udp,other,SF,147,105,0,0,0,0,0,0,0,0,0,0,0,0,0,0,0,0,2,2,0.00,0.00,0.00,0.00,1.00,0.00,0.00,255,2,0.01,0.69,0.97,0.00,0.00,0.00,0.00,0.00,normal.
4099,udp,other,SF,145,105,0,0,0,0,0,0,0,0,0,0,0,0,0,0,0,0,1,1,0.00,0.00,0.00,0.00,1.00,0.00,0.00,19,1,0.05,0.68,0.79,0.00,0.00,0.00,0.00,0.00,normal.
0,tcp,other,REJ,0,0,0,0,0,0,0,0,0,0,0,0,0,0,0,0,0,0,509,1,0.07,0.00,0.93,1.00,0.00,1.00,0.00,255,1,0.00,1.00,0.00,0.00,0.08,0.00,0.92,1.00,satan.
0,tcp,other,REJ,0,0,0,0,0,0,0,0,0,0,0,0,0,0,0,0,0,0,509,1,0.07,0.00,0.93,1.00,0.00,1.00,0.00,255,1,0.00,1.00,0.00,0.00,0.08,0.00,0.92,1.00,satan.
0,tcp,other,REJ,0,0,0,0,0,0,0,0,0,0,0,0,0,0,0,0,0,0,509,1,0.07,0.00,0.93,1.00,0.00,1.00,0.00,255,1,0.00,1.00,0.00,0.00,0.08,0.00,0.92,1.00,satan.
0,tcp,other,REJ,0,0,0,0,0,0,0,0,0,0,0,0,0,0,0,0,0,0,509,1,0.07,0.00,0.93,1.00,0.00,1.00,0.00,255,1,0.00,1.00,0.00,0.00,0.08,0.00,0.92,1.00,satan.
0,tcp,other,S0,0,0,0,0,0,0,0,0,0,0,0,0,0,0,0,0,0,0,508,1,0.07,1.00,0.92,0.00,0.00,1.00,0.00,255,1,0.00,1.00,0.00,0.00,0.08,1.00,0.92,0.00,satan.
4009,udp,other,SF,147,105,0,0,0,0,0,0,0,0,0,0,0,0,0,0,0,0,6,2,0.00,0.00,0.00,0.00,0.33,0.50,0.00,255,2,0.01,0.70,0.99,0.00,0.00,0.00,0.00,0.00,normal.
4430,udp,other,SF,147,105,0,0,0,0,0,0,0,0,0,0,0,0,0,0,0,0,1,1,0.00,0.00,0.00,0.00,1.00,0.00,0.00,255,1,0.00,0.60,0.86,0.00,0.00,0.00,0.00,0.00,normal.
1969,udp,other,SF,146,105,0,0,0,0,0,0,0,0,0,0,0,0,0,0,0,0,1,1,0.00,0.00,0.00,0.00,1.00,0.00,0.00,255,1,0.00,0.78,0.98,0.00,0.00,0.00,0.00,0.00,normal.
2944,udp,other,SF,147,105,0,0,0,0,0,0,0,0,0,0,0,0,0,0,0,0,1,1,0.00,0.00,0.00,0.00,1.00,0.00,0.00,255,1,0.00,0.77,0.99,0.00,0.00,0.00,0.00,0.00,normal.
5647,udp,other,SF,146,105,0,0,0,0,0,0,0,0,0,0,0,0,0,0,0,0,1,1,0.00,0.00,0.00,0.00,1.00,0.00,0.00,255,2,0.01,0.69,0.95,0.00,0.00,0.00,0.00,0.00,normal.
2450,udp,other,SF,145,105,0,0,0,0,0,0,0,0,0,0,0,0,0,0,0,0,1,1,0.00,0.00,0.00,0.00,1.00,0.00,0.00,255,1,0.00,0.85,1.00,0.00,0.00,0.00,0.00,0.00,normal.
2450,udp,other,SF,145,105,0,0,0,0,0,0,0,0,0,0,0,0,0,0,0,0,1,1,0.00,0.00,0.00,0.00,1.00,0.00,0.00,255,1,0.00,0.85,1.00,0.00,0.00,0.00,0.00,0.00,normal.
2630,udp,other,SF,146,105,0,0,0,0,0,0,0,0,0,0,0,0,0,0,0,0,1,1,0.00,0.00,0.00,0.00,1.00,0.00,0.00,255,1,0.00,0.85,0.99,0.00,0.00,0.00,0.00,0.00,normal.
4185,udp,other,SF,147,105,0,0,0,0,0,0,0,0,0,0,0,0,0,0,0,0,1,1,0.00,0.00,0.00,0.00,1.00,0.00,0.00,255,1,0.00,0.82,1.00,0.00,0.00,0.00,0.00,0.00,normal.
4185,udp,other,SF,147,105,0,0,0,0,0,0,0,0,0,0,0,0,0,0,0,0,1,1,0.00,0.00,0.00,0.00,1.00,0.00,0.00,255,1,0.00,0.82,1.00,0.00,0.00,0.00,0.00,0.00,normal.
2630,udp,other,SF,147,105,0,0,0,0,0,0,0,0,0,0,0,0,0,0,0,0,5,1,0.00,0.00,0.00,0.00,0.20,0.60,0.00,255,1,0.00,0.85,0.99,0.00,0.00,0.00,0.00,0.00,normal.
0,tcp,other,REJ,0,0,0,0,0,0,0,0,0,0,0,0,0,0,0,0,0,0,511,1,0.26,0.00,0.74,1.00,0.00,1.00,0.00,255,1,0.00,1.00,0.00,0.00,0.18,0.00,0.82,1.00,satan.
0,tcp,other,SF,59,0,0,0,0,0,0,1,0,0,0,0,0,0,0,0,0,0,17,1,0.06,0.00,0.00,0.00,0.06,0.41,0.00,86,1,0.01,0.10,0.27,0.00,0.01,0.00,0.00,0.00,normal.
2625,udp,other,SF,147,105,0,0,0,0,0,0,0,0,0,0,0,0,0,0,0,0,5,2,0.00,0.00,0.00,0.00,0.40,0.60,0.00,255,2,0.01,0.86,0.99,0.00,0.00,0.00,0.00,0.00,normal.
2715,udp,other,SF,147,105,0,0,0,0,0,0,0,0,0,0,0,0,0,0,0,0,1,1,0.00,0.00,0.00,0.00,1.00,0.00,0.00,255,2,0.01,0.79,0.99,0.00,0.00,0.00,0.00,0.00,normal.
2730,udp,other,SF,147,105,0,0,0,0,0,0,0,0,0,0,0,0,0,0,0,0,4,2,0.00,0.00,0.00,0.00,0.50,0.50,0.00,255,2,0.01,0.65,0.93,0.00,0.00,0.00,0.00,0.00,normal.
16799,udp,other,SF,147,105,0,0,0,0,0,0,0,0,0,0,0,0,0,0,0,0,1,1,0.00,0.00,0.00,0.00,1.00,0.00,0.00,255,1,0.00,0.84,0.98,0.00,0.00,0.00,0.00,0.00,normal.
16799,udp,other,SF,147,105,0,0,0,0,0,0,0,0,0,0,0,0,0,0,0,0,1,1,0.00,0.00,0.00,0.00,1.00,0.00,0.00,255,1,0.00,0.84,0.98,0.00,0.00,0.00,0.00,0.00,normal.
16799,udp,other,SF,147,105,0,0,0,0,0,0,0,0,0,0,0,0,0,0,0,0,1,1,0.00,0.00,0.00,0.00,1.00,0.00,0.00,255,1,0.00,0.84,0.98,0.00,0.00,0.00,0.00,0.00,normal.
0,tcp,other,REJ,0,0,0,0,0,0,0,0,0,0,0,0,0,0,0,0,0,0,511,1,0.33,0.00,0.67,1.00,0.00,1.00,0.00,255,1,0.00,1.00,0.00,0.00,0.23,0.00,0.77,1.00,satan.
1355,udp,other,SF,147,105,0,0,0,0,0,0,0,0,0,0,0,0,0,0,0,0,4,2,0.00,0.00,0.00,0.00,0.50,0.50,0.00,255,2,0.01,0.81,0.99,0.00,0.00,0.00,0.00,0.00,normal.
3625,udp,other,SF,146,105,0,0,0,0,0,0,0,0,0,0,0,0,0,0,0,0,5,2,0.00,0.00,0.00,0.00,0.40,0.60,0.00,255,2,0.01,0.55,0.75,0.00,0.00,0.00,0.00,0.00,normal.
355,udp,other,SF,146,105,0,0,0,0,0,0,0,0,0,0,0,0,0,0,0,0,1,1,0.00,0.00,0.00,0.00,1.00,0.00,0.00,255,2,0.01,0.70,0.97,0.00,0.00,0.00,0.00,0.00,normal.
0,tcp,other,S0,0,0,0,0,0,0,0,0,0,0,0,0,0,0,0,0,0,0,510,1,0.08,1.00,0.92,0.00,0.00,1.00,0.00,255,1,0.00,1.00,0.00,0.00,0.09,1.00,0.91,0.00,satan.
0,udp,other,SF,146,0,0,0,0,0,0,0,0,0,0,0,0,0,0,0,0,0,1,1,0.00,0.00,0.00,0.00,1.00,0.00,0.00,255,1,0.00,0.86,0.98,0.00,0.00,0.00,0.00,0.00,normal.
0,tcp,other,S0,0,0,0,0,0,0,0,0,0,0,0,0,0,0,0,0,0,0,511,1,0.13,1.00,0.87,0.00,0.00,1.00,0.00,255,1,0.00,1.00,0.00,0.00,0.14,1.00,0.86,0.00,satan.
0,tcp,other,RSTR,0,0,0,0,0,0,0,0,0,0,0,0,0,0,0,0,0,0,1,1,0.00,0.00,1.00,1.00,1.00,0.00,0.00,255,1,0.00,0.66,1.00,0.00,0.00,0.00,1.00,1.00,portsweep.
0,tcp,other,RSTR,0,0,0,0,0,0,0,0,0,0,0,0,0,0,0,0,0,0,1,1,0.00,0.00,1.00,1.00,1.00,0.00,0.00,255,1,0.00,0.66,1.00,0.00,0.00,0.00,1.00,1.00,portsweep.
0,tcp,other,RSTR,0,0,0,0,0,0,0,0,0,0,0,0,0,0,0,0,0,0,1,1,0.00,0.00,1.00,1.00,1.00,0.00,0.00,255,1,0.00,0.66,1.00,0.00,0.00,0.00,1.00,1.00,portsweep.
0,tcp,other,RSTR,0,0,0,0,0,0,0,0,0,0,0,0,0,0,0,0,0,0,1,1,0.00,0.00,1.00,1.00,1.00,0.00,0.00,255,1,0.00,0.66,1.00,0.00,0.00,0.00,1.00,1.00,portsweep.
2597,udp,other,SF,146,105,0,0,0,0,0,0,0,0,0,0,0,0,0,0,0,0,1,1,0.00,0.00,0.00,0.00,1.00,0.00,0.00,255,2,0.01,0.69,0.99,0.00,0.00,0.00,0.00,0.00,normal.
20233,udp,other,SF,146,105,0,0,0,0,0,0,0,0,0,0,0,0,0,0,0,0,2,1,0.00,0.00,0.00,0.00,0.50,1.00,0.00,255,1,0.00,0.85,1.00,0.00,0.00,0.00,0.00,0.00,normal.
2581,udp,other,SF,147,105,0,0,0,0,0,0,0,0,0,0,0,0,0,0,0,0,2,2,0.00,0.00,0.00,0.00,1.00,0.00,0.00,255,3,0.01,0.68,0.95,0.00,0.00,0.00,0.00,0.00,normal.
12990,udp,other,SF,146,105,0,0,0,0,0,0,0,0,0,0,0,0,0,0,0,0,5,1,0.00,0.00,0.00,0.00,0.20,0.60,0.00,255,1,0.00,0.87,1.00,0.00,0.00,0.00,0.00,0.00,normal.
0,udp,other,SF,147,0,0,0,0,0,0,0,0,0,0,0,0,0,0,0,0,0,5,1,0.00,0.00,0.00,0.00,0.20,0.60,0.00,255,1,0.00,0.69,0.95,0.00,0.00,0.00,0.00,0.00,normal.
0,udp,other,SF,145,0,0,0,0,0,0,0,0,0,0,0,0,0,0,0,0,0,1,1,0.00,0.00,0.00,0.00,1.00,0.00,0.00,255,1,0.00,0.67,0.95,0.00,0.00,0.00,0.00,0.00,normal.
0,udp,other,SF,146,0,0,0,0,0,0,0,0,0,0,0,0,0,0,0,0,0,2,1,0.00,0.00,0.00,0.00,0.50,1.00,0.00,255,3,0.01,0.51,0.89,0.00,0.00,0.00,0.00,0.00,normal.
1144,udp,other,SF,147,105,0,0,0,0,0,0,0,0,0,0,0,0,0,0,0,0,1,1,0.00,0.00,0.00,0.00,1.00,0.00,0.00,255,1,0.00,0.70,0.97,0.00,0.00,0.00,0.00,0.00,normal.
4903,udp,other,SF,146,105,0,0,0,0,0,0,0,0,0,0,0,0,0,0,0,0,4,2,0.00,0.00,0.00,0.00,0.50,0.50,0.00,255,2,0.01,0.44,0.82,0.00,0.00,0.00,0.00,0.00,normal.
0,tcp,other,S0,0,0,0,0,0,0,0,0,0,0,0,0,0,0,0,0,0,0,258,15,1.00,1.00,0.00,0.00,0.06,0.05,0.00,255,15,0.06,0.05,0.00,0.00,1.00,1.00,0.00,0.00,neptune.
4655,udp,other,SF,147,105,0,0,0,0,0,0,0,0,0,0,0,0,0,0,0,0,2,2,0.00,0.00,0.00,0.00,1.00,0.00,0.00,255,2,0.01,0.55,0.85,0.00,0.00,0.00,0.00,0.00,normal.
2620,udp,other,SF,147,105,0,0,0,0,0,0,0,0,0,0,0,0,0,0,0,0,5,2,0.00,0.00,0.00,0.00,0.40,0.60,0.00,255,2,0.01,0.87,0.99,0.00,0.00,0.00,0.00,0.00,normal.
17046,udp,other,SF,147,105,0,0,0,0,0,0,0,0,0,0,0,0,0,0,0,0,1,1,0.00,0.00,0.00,0.00,1.00,0.00,0.00,255,1,0.00,0.86,1.00,0.00,0.00,0.00,0.00,0.00,normal.
14497,udp,other,SF,147,105,0,0,0,0,0,0,0,0,0,0,0,0,0,0,0,0,1,1,0.00,0.00,0.00,0.00,1.00,0.00,0.00,255,1,0.00,0.85,1.00,0.00,0.00,0.00,0.00,0.00,normal.
14497,udp,other,SF,147,105,0,0,0,0,0,0,0,0,0,0,0,0,0,0,0,0,1,1,0.00,0.00,0.00,0.00,1.00,0.00,0.00,255,1,0.00,0.85,1.00,0.00,0.00,0.00,0.00,0.00,normal.
14497,udp,other,SF,147,105,0,0,0,0,0,0,0,0,0,0,0,0,0,0,0,0,1,1,0.00,0.00,0.00,0.00,1.00,0.00,0.00,255,1,0.00,0.85,1.00,0.00,0.00,0.00,0.00,0.00,normal.
14497,udp,other,SF,147,105,0,0,0,0,0,0,0,0,0,0,0,0,0,0,0,0,1,1,0.00,0.00,0.00,0.00,1.00,0.00,0.00,255,1,0.00,0.85,1.00,0.00,0.00,0.00,0.00,0.00,normal.
0,tcp,other,SF,5891,0,0,0,0,0,0,1,0,0,0,0,0,0,0,0,0,0,13,1,0.00,0.00,0.00,0.00,0.08,0.31,0.00,83,1,0.01,0.08,0.23,0.00,0.00,0.00,0.00,0.00,normal.
4389,udp,other,SF,146,105,0,0,0,0,0,0,0,0,0,0,0,0,0,0,0,0,1,1,0.00,0.00,0.00,0.00,1.00,0.00,0.00,255,1,0.00,0.85,1.00,0.00,0.00,0.00,0.00,0.00,normal.
2247,udp,other,SF,147,105,0,0,0,0,0,0,0,0,0,0,0,0,0,0,0,0,4,2,0.00,0.00,0.00,0.00,0.50,0.50,0.00,213,2,0.01,0.57,0.89,0.00,0.00,0.00,0.00,0.00,normal.
14615,udp,other,SF,145,105,0,0,0,0,0,0,0,0,0,0,0,0,0,0,0,0,1,1,0.00,0.00,0.00,0.00,1.00,0.00,0.00,139,3,0.02,0.59,0.89,0.00,0.00,0.00,0.00,0.00,normal.
0,tcp,other,REJ,0,0,0,0,0,0,0,0,0,0,0,0,0,0,0,0,0,0,509,1,0.17,0.00,0.83,1.00,0.00,1.00,0.00,255,1,0.00,1.00,0.00,0.00,0.08,0.00,0.92,1.00,satan.
2625,udp,other,SF,145,105,0,0,0,0,0,0,0,0,0,0,0,0,0,0,0,0,2,2,0.00,0.00,0.00,0.00,1.00,0.00,0.00,255,2,0.01,0.88,0.99,0.00,0.00,0.00,0.00,0.00,normal.
2705,udp,other,SF,146,105,0,0,0,0,0,0,0,0,0,0,0,0,0,0,0,0,1,1,0.00,0.00,0.00,0.00,1.00,0.00,0.00,255,2,0.01,0.66,0.98,0.00,0.00,0.00,0.00,0.00,normal.
4399,udp,other,SF,145,105,0,0,0,0,0,0,0,0,0,0,0,0,0,0,0,0,1,1,0.00,0.00,0.00,0.00,1.00,0.00,0.00,199,1,0.01,0.55,0.90,0.00,0.00,0.00,0.00,0.00,normal.
0,tcp,other,S0,0,0,0,0,0,0,0,0,0,0,0,0,0,0,0,0,0,0,235,7,1.00,1.00,0.00,0.00,0.03,0.06,0.00,255,8,0.03,0.07,0.00,0.00,1.00,1.00,0.00,0.00,neptune.
2019,udp,other,SF,146,105,0,0,0,0,0,0,0,0,0,0,0,0,0,0,0,0,1,1,0.00,0.00,0.00,0.00,1.00,0.00,0.00,255,1,0.00,0.78,0.99,0.00,0.00,0.00,0.00,0.00,normal.
0,tcp,other,S0,0,0,0,0,0,0,0,0,0,0,0,0,0,0,0,0,0,0,246,12,1.00,1.00,0.00,0.00,0.05,0.06,0.00,255,12,0.05,0.07,0.00,0.00,1.00,1.00,0.00,0.00,neptune.
2127,udp,other,SF,147,105,0,0,0,0,0,0,0,0,0,0,0,0,0,0,0,0,1,1,0.00,0.00,0.00,0.00,1.00,0.00,0.00,255,1,0.00,0.49,0.66,0.00,0.00,0.00,0.00,0.00,normal.
4834,udp,other,SF,146,105,0,0,0,0,0,0,0,0,0,0,0,0,0,0,0,0,1,1,0.00,0.00,0.00,0.00,1.00,0.00,0.00,255,1,0.00,0.80,0.99,0.00,0.00,0.00,0.00,0.00,normal.
9141,udp,other,SF,147,105,0,0,0,0,0,0,0,0,0,0,0,0,0,0,0,0,1,1,0.00,0.00,0.00,0.00,1.00,0.00,0.00,255,3,0.01,0.41,0.84,0.00,0.00,0.00,0.00,0.00,normal.
12990,udp,other,SF,147,105,0,0,0,0,0,0,0,0,0,0,0,0,0,0,0,0,4,2,0.00,0.00,0.00,0.00,0.50,0.50,0.00,255,2,0.01,0.83,1.00,0.00,0.00,0.00,0.00,0.00,normal.
0,tcp,other,REJ,0,0,0,0,0,0,0,0,0,0,0,0,0,0,0,0,0,0,511,1,0.23,0.00,0.77,1.00,0.00,1.00,0.00,255,1,0.00,1.00,0.00,0.00,0.28,0.00,0.72,1.00,satan.
569,udp,other,SF,146,105,0,0,0,0,0,0,0,0,0,0,0,0,0,0,0,0,1,1,0.00,0.00,0.00,0.00,1.00,0.00,0.00,255,1,0.00,0.74,0.98,0.00,0.00,0.00,0.00,0.00,normal.
2458,udp,other,SF,147,105,0,0,0,0,0,0,0,0,0,0,0,0,0,0,0,0,1,1,0.00,0.00,0.00,0.00,1.00,0.00,0.00,255,1,0.00,0.86,1.00,0.00,0.00,0.00,0.00,0.00,normal.
2458,udp,other,SF,147,105,0,0,0,0,0,0,0,0,0,0,0,0,0,0,0,0,1,1,0.00,0.00,0.00,0.00,1.00,0.00,0.00,255,1,0.00,0.86,1.00,0.00,0.00,0.00,0.00,0.00,normal.
0,tcp,other,REJ,0,0,0,0,0,0,0,0,0,0,0,0,0,0,0,0,0,0,509,1,0.09,0.00,0.91,1.00,0.00,1.00,0.00,255,1,0.00,1.00,0.00,0.00,0.12,0.00,0.88,1.00,satan.
0,tcp,other,REJ,0,0,0,0,0,0,0,0,0,0,0,0,0,0,0,0,0,0,509,1,0.09,0.00,0.91,1.00,0.00,1.00,0.00,255,1,0.00,1.00,0.00,0.00,0.12,0.00,0.88,1.00,satan.
0,tcp,other,REJ,0,0,0,0,0,0,0,0,0,0,0,0,0,0,0,0,0,0,509,1,0.09,0.00,0.91,1.00,0.00,1.00,0.00,255,1,0.00,1.00,0.00,0.00,0.12,0.00,0.88,1.00,satan.
0,tcp,other,REJ,0,0,0,0,0,0,0,0,0,0,0,0,0,0,0,0,0,0,509,1,0.09,0.00,0.91,1.00,0.00,1.00,0.00,255,1,0.00,1.00,0.00,0.00,0.12,0.00,0.88,1.00,satan.
0,udp,other,SF,516,4,0,0,0,0,0,0,0,0,0,0,0,0,0,0,0,0,120,120,0.00,0.00,0.00,0.00,1.00,0.00,0.00,120,120,1.00,0.00,1.00,0.00,0.00,0.00,0.00,0.00,normal.
5441,udp,other,SF,147,105,0,0,0,0,0,0,0,0,0,0,0,0,0,0,0,0,2,1,0.00,0.00,0.00,0.00,0.50,1.00,0.00,255,3,0.01,0.60,0.93,0.00,0.00,0.00,0.00,0.00,normal.
8444,udp,other,SF,147,105,0,0,0,0,0,0,0,0,0,0,0,0,0,0,0,0,1,1,0.00,0.00,0.00,0.00,1.00,0.00,0.00,255,1,0.00,0.51,0.70,0.00,0.00,0.00,0.00,0.00,normal.
5065,udp,other,SF,147,105,0,0,0,0,0,0,0,0,0,0,0,0,0,0,0,0,1,1,0.00,0.00,0.00,0.00,1.00,0.00,0.00,255,1,0.00,0.86,1.00,0.00,0.00,0.00,0.00,0.00,normal.
5065,udp,other,SF,147,105,0,0,0,0,0,0,0,0,0,0,0,0,0,0,0,0,1,1,0.00,0.00,0.00,0.00,1.00,0.00,0.00,255,1,0.00,0.86,1.00,0.00,0.00,0.00,0.00,0.00,normal.
5065,udp,other,SF,147,105,0,0,0,0,0,0,0,0,0,0,0,0,0,0,0,0,1,1,0.00,0.00,0.00,0.00,1.00,0.00,0.00,255,1,0.00,0.86,1.00,0.00,0.00,0.00,0.00,0.00,normal.
3985,udp,other,SF,145,105,0,0,0,0,0,0,0,0,0,0,0,0,0,0,0,0,2,2,0.00,0.00,0.00,0.00,1.00,0.00,0.00,255,3,0.01,0.71,0.98,0.00,0.00,0.00,0.00,0.00,normal.
0,udp,other,SF,1,0,0,0,0,0,0,0,0,0,0,0,0,0,0,0,0,0,7,2,0.00,0.00,0.00,0.00,0.29,0.43,0.00,255,2,0.01,0.17,1.00,0.00,0.00,0.00,0.00,0.00,satan.
0,tcp,other,REJ,0,0,0,0,0,0,0,0,0,0,0,0,0,0,0,0,0,0,511,1,0.31,0.00,0.69,1.00,0.00,1.00,0.00,255,1,0.00,1.00,0.00,0.00,0.19,0.00,0.81,1.00,satan.
813,udp,other,SF,146,105,0,0,0,0,0,0,0,0,0,0,0,0,0,0,0,0,1,1,0.00,0.00,0.00,0.00,1.00,0.00,0.00,255,3,0.01,0.24,0.45,0.00,0.00,0.00,0.00,0.00,normal.
0,udp,other,SF,1,0,0,0,0,0,0,0,0,0,0,0,0,0,0,0,0,0,18,2,0.00,0.00,0.00,0.00,0.11,0.28,0.00,255,2,0.01,0.26,0.77,0.00,0.00,0.00,0.20,0.00,satan.
0,udp,other,SF,147,0,0,0,0,0,0,0,0,0,0,0,0,0,0,0,0,0,3,1,0.00,0.00,0.00,0.00,0.33,0.67,0.00,255,1,0.00,0.65,0.87,0.00,0.00,0.00,0.00,0.00,normal.
2634,udp,other,SF,145,105,0,0,0,0,0,0,0,0,0,0,0,0,0,0,0,0,1,1,0.00,0.00,0.00,0.00,1.00,0.00,0.00,255,1,0.00,0.84,1.00,0.00,0.00,0.00,0.00,0.00,normal.
2710,udp,other,SF,147,105,0,0,0,0,0,0,0,0,0,0,0,0,0,0,0,0,4,2,0.00,0.00,0.00,0.00,0.50,0.50,0.00,255,2,0.01,0.85,1.00,0.00,0.00,0.00,0.00,0.00,normal.
2710,udp,other,SF,147,105,0,0,0,0,0,0,0,0,0,0,0,0,0,0,0,0,4,2,0.00,0.00,0.00,0.00,0.50,0.50,0.00,255,2,0.01,0.85,1.00,0.00,0.00,0.00,0.00,0.00,normal.
2710,udp,other,SF,147,105,0,0,0,0,0,0,0,0,0,0,0,0,0,0,0,0,4,2,0.00,0.00,0.00,0.00,0.50,0.50,0.00,255,2,0.01,0.85,1.00,0.00,0.00,0.00,0.00,0.00,normal.
18938,udp,other,SF,146,105,0,0,0,0,0,0,0,0,0,0,0,0,0,0,0,0,4,2,0.00,0.00,0.00,0.00,0.50,0.50,0.00,255,2,0.01,0.53,0.94,0.00,0.00,0.00,0.00,0.00,normal.
2630,udp,other,SF,147,105,0,0,0,0,0,0,0,0,0,0,0,0,0,0,0,0,1,1,0.00,0.00,0.00,0.00,1.00,0.00,0.00,255,1,0.00,0.83,0.98,0.00,0.00,0.00,0.00,0.00,normal.
2470,udp,other,SF,147,105,0,0,0,0,0,0,0,0,0,0,0,0,0,0,0,0,1,1,0.00,0.00,0.00,0.00,1.00,0.00,0.00,255,2,0.01,0.71,0.87,0.00,0.00,0.00,0.00,0.00,normal.
2927,udp,other,SF,146,105,0,0,0,0,0,0,0,0,0,0,0,0,0,0,0,0,3,2,0.00,0.00,0.00,0.00,0.67,0.67,0.00,255,2,0.01,0.52,0.75,0.00,0.00,0.00,0.00,0.00,normal.
6620,udp,other,SF,147,105,0,0,0,0,0,0,0,0,0,0,0,0,0,0,0,0,1,1,0.00,0.00,0.00,0.00,1.00,0.00,0.00,255,1,0.00,0.78,0.98,0.00,0.00,0.00,0.00,0.00,normal.
3815,udp,other,SF,145,105,0,0,0,0,0,0,0,0,0,0,0,0,0,0,0,0,4,2,0.00,0.00,0.00,0.00,0.50,0.50,0.00,255,2,0.01,0.83,1.00,0.00,0.00,0.00,0.00,0.00,normal.
16274,udp,other,SF,147,105,0,0,0,0,0,0,0,0,0,0,0,0,0,0,0,0,1,1,0.00,0.00,0.00,0.00,1.00,0.00,0.00,255,1,0.00,0.73,0.98,0.00,0.00,0.00,0.00,0.00,normal.
1945,udp,other,SF,146,105,0,0,0,0,0,0,0,0,0,0,0,0,0,0,0,0,2,2,0.00,0.00,0.00,0.00,1.00,0.00,0.00,255,2,0.01,0.78,0.98,0.00,0.00,0.00,0.00,0.00,normal.
9427,udp,other,SF,147,105,0,0,0,0,0,0,0,0,0,0,0,0,0,0,0,0,1,1,0.00,0.00,0.00,0.00,1.00,0.00,0.00,255,1,0.00,0.83,1.00,0.00,0.00,0.00,0.00,0.00,normal.
3753,udp,other,SF,147,105,0,0,0,0,0,0,0,0,0,0,0,0,0,0,0,0,5,1,0.00,0.00,0.00,0.00,0.20,0.60,0.00,193,1,0.01,0.58,0.89,0.00,0.00,0.00,0.00,0.00,normal.
2634,udp,other,SF,145,105,0,0,0,0,0,0,0,0,0,0,0,0,0,0,0,0,1,1,0.00,0.00,0.00,0.00,1.00,0.00,0.00,255,1,0.00,0.85,0.99,0.00,0.00,0.00,0.00,0.00,normal.
0,udp,other,SF,146,0,0,0,0,0,0,0,0,0,0,0,0,0,0,0,0,0,3,1,0.00,0.00,0.00,0.00,0.33,0.67,0.00,255,2,0.01,0.83,0.98,0.00,0.00,0.00,0.00,0.00,normal.
2630,udp,other,SF,147,105,0,0,0,0,0,0,0,0,0,0,0,0,0,0,0,0,1,1,0.00,0.00,0.00,0.00,1.00,0.00,0.00,255,3,0.01,0.70,1.00,0.00,0.00,0.00,0.00,0.00,normal.
0,udp,other,SF,145,0,0,0,0,0,0,0,0,0,0,0,0,0,0,0,0,0,3,1,0.00,0.00,0.00,0.00,0.33,0.67,0.00,255,1,0.00,0.72,0.99,0.00,0.00,0.00,0.00,0.00,normal.
0,tcp,other,REJ,0,0,0,0,0,0,0,0,0,0,0,0,0,0,0,0,0,0,511,1,0.44,0.00,0.56,1.00,0.00,1.00,0.00,255,1,0.00,1.00,0.00,0.00,0.40,0.00,0.60,1.00,satan.
2338,udp,other,SF,147,105,0,0,0,0,0,0,0,0,0,0,0,0,0,0,0,0,1,1,0.00,0.00,0.00,0.00,1.00,0.00,0.00,255,1,0.00,0.58,0.89,0.00,0.00,0.00,0.00,0.00,normal.
7848,udp,other,SF,147,105,0,0,0,0,0,0,0,0,0,0,0,0,0,0,0,0,2,2,0.00,0.00,0.00,0.00,1.00,0.00,0.00,255,4,0.02,0.41,0.85,0.00,0.00,0.00,0.00,0.00,normal.
0,tcp,other,S0,0,0,0,0,0,0,0,0,0,0,0,0,0,0,0,0,0,0,509,1,0.05,1.00,0.95,0.00,0.00,1.00,0.00,255,1,0.00,1.00,0.00,0.00,0.04,1.00,0.96,0.00,satan.
0,udp,other,SF,147,0,0,0,0,0,0,0,0,0,0,0,0,0,0,0,0,0,3,1,0.00,0.00,0.00,0.00,0.33,0.67,0.00,255,2,0.01,0.78,0.98,0.00,0.00,0.00,0.00,0.00,normal.
2294,udp,other,SF,147,105,0,0,0,0,0,0,0,0,0,0,0,0,0,0,0,0,1,1,0.00,0.00,0.00,0.00,1.00,0.00,0.00,255,3,0.01,0.82,1.00,0.00,0.00,0.00,0.00,0.00,normal.
0,udp,other,SF,145,0,0,0,0,0,0,0,0,0,0,0,0,0,0,0,0,0,2,1,0.00,0.00,0.00,0.00,0.50,1.00,0.00,255,1,0.00,0.20,0.34,0.00,0.00,0.00,0.00,0.00,normal.
7097,udp,other,SF,147,105,0,0,0,0,0,0,0,0,0,0,0,0,0,0,0,0,1,1,0.00,0.00,0.00,0.00,1.00,0.00,0.00,255,2,0.01,0.58,0.92,0.00,0.00,0.00,0.00,0.00,normal.
0,udp,other,SF,146,0,0,0,0,0,0,0,0,0,0,0,0,0,0,0,0,0,3,1,0.00,0.00,0.00,0.00,0.33,0.67,0.00,255,1,0.00,0.54,0.88,0.00,0.00,0.00,0.00,0.00,normal.
2634,udp,other,SF,146,105,0,0,0,0,0,0,0,0,0,0,0,0,0,0,0,0,1,1,0.00,0.00,0.00,0.00,1.00,0.00,0.00,255,1,0.00,0.84,1.00,0.00,0.00,0.00,0.00,0.00,normal.
2634,udp,other,SF,146,105,0,0,0,0,0,0,0,0,0,0,0,0,0,0,0,0,1,1,0.00,0.00,0.00,0.00,1.00,0.00,0.00,255,1,0.00,0.84,1.00,0.00,0.00,0.00,0.00,0.00,normal.
2634,udp,other,SF,146,105,0,0,0,0,0,0,0,0,0,0,0,0,0,0,0,0,1,1,0.00,0.00,0.00,0.00,1.00,0.00,0.00,255,1,0.00,0.84,1.00,0.00,0.00,0.00,0.00,0.00,normal.
2634,udp,other,SF,146,105,0,0,0,0,0,0,0,0,0,0,0,0,0,0,0,0,1,1,0.00,0.00,0.00,0.00,1.00,0.00,0.00,255,1,0.00,0.84,1.00,0.00,0.00,0.00,0.00,0.00,normal.
2634,udp,other,SF,146,105,0,0,0,0,0,0,0,0,0,0,0,0,0,0,0,0,1,1,0.00,0.00,0.00,0.00,1.00,0.00,0.00,255,1,0.00,0.84,1.00,0.00,0.00,0.00,0.00,0.00,normal.
2715,udp,other,SF,147,105,0,0,0,0,0,0,0,0,0,0,0,0,0,0,0,0,1,1,0.00,0.00,0.00,0.00,1.00,0.00,0.00,255,1,0.00,0.89,1.00,0.00,0.00,0.00,0.00,0.00,normal.
2715,udp,other,SF,147,105,0,0,0,0,0,0,0,0,0,0,0,0,0,0,0,0,1,1,0.00,0.00,0.00,0.00,1.00,0.00,0.00,255,1,0.00,0.89,1.00,0.00,0.00,0.00,0.00,0.00,normal.
4934,udp,other,SF,147,105,0,0,0,0,0,0,0,0,0,0,0,0,0,0,0,0,1,1,0.00,0.00,0.00,0.00,1.00,0.00,0.00,255,1,0.00,0.87,0.99,0.00,0.00,0.00,0.00,0.00,normal.
4921,udp,other,SF,146,105,0,0,0,0,0,0,0,0,0,0,0,0,0,0,0,0,1,1,0.00,0.00,0.00,0.00,1.00,0.00,0.00,255,1,0.00,0.71,0.96,0.00,0.00,0.00,0.00,0.00,normal.
0,udp,other,SF,146,0,0,0,0,0,0,0,0,0,0,0,0,0,0,0,0,0,1,1,0.00,0.00,0.00,0.00,1.00,0.00,0.00,247,3,0.01,0.18,0.33,0.00,0.00,0.00,0.00,0.00,normal.
11846,udp,other,SF,145,105,0,0,0,0,0,0,0,0,0,0,0,0,0,0,0,0,1,1,0.00,0.00,0.00,0.00,1.00,0.00,0.00,255,1,0.00,0.67,0.96,0.00,0.00,0.00,0.00,0.00,normal.
0,udp,other,SF,147,0,0,0,0,0,0,0,0,0,0,0,0,0,0,0,0,0,2,1,0.00,0.00,0.00,0.00,0.50,1.00,0.00,255,2,0.01,0.83,0.98,0.00,0.00,0.00,0.00,0.00,normal.
0,tcp,other,REJ,0,0,0,0,0,0,0,0,0,0,0,0,0,0,0,0,0,0,450,1,0.08,0.00,0.90,1.00,0.00,1.00,0.00,255,1,0.00,1.00,0.00,0.00,0.08,0.00,0.91,1.00,satan.
0,tcp,other,RSTO,0,0,0,0,0,0,0,0,0,0,0,0,0,0,0,0,0,0,110,11,0.00,0.00,1.00,1.00,0.10,0.05,0.00,255,11,0.04,0.07,0.00,0.00,0.00,0.00,1.00,1.00,neptune.
7030,udp,other,SF,147,105,0,0,0,0,0,0,0,0,0,0,0,0,0,0,0,0,5,1,0.00,0.00,0.00,0.00,0.20,0.60,0.00,255,1,0.00,0.84,0.99,0.00,0.00,0.00,0.00,0.00,normal.
18383,udp,other,SF,147,105,0,0,0,0,0,0,0,0,0,0,0,0,0,0,0,0,5,2,0.00,0.00,0.00,0.00,0.40,0.60,0.00,255,2,0.01,0.49,0.69,0.00,0.00,0.00,0.00,0.00,normal.
7410,udp,other,SF,147,105,0,0,0,0,0,0,0,0,0,0,0,0,0,0,0,0,1,1,0.00,0.00,0.00,0.00,1.00,0.00,0.00,255,1,0.00,0.88,0.99,0.00,0.00,0.00,0.00,0.00,normal.
0,tcp,other,REJ,0,0,0,0,0,0,0,0,0,0,0,0,0,0,0,0,0,0,510,1,0.16,0.00,0.84,1.00,0.00,1.00,0.00,255,1,0.00,1.00,0.00,0.00,0.19,0.00,0.81,1.00,satan.
4736,udp,other,SF,145,105,0,0,0,0,0,0,0,0,0,0,0,0,0,0,0,0,1,1,0.00,0.00,0.00,0.00,1.00,0.00,0.00,255,1,0.00,0.68,0.97,0.00,0.00,0.00,0.00,0.00,normal.
11051,udp,other,SF,146,105,0,0,0,0,0,0,0,0,0,0,0,0,0,0,0,0,5,1,0.00,0.00,0.00,0.00,0.20,0.60,0.00,255,2,0.01,0.63,0.96,0.00,0.00,0.00,0.00,0.00,normal.
0,udp,other,SF,147,0,0,0,0,0,0,0,0,0,0,0,0,0,0,0,0,0,1,1,0.00,0.00,0.00,0.00,1.00,0.00,0.00,255,1,0.00,0.48,0.85,0.00,0.00,0.00,0.00,0.00,normal.
3586,udp,other,SF,147,105,0,0,0,0,0,0,0,0,0,0,0,0,0,0,0,0,1,1,0.00,0.00,0.00,0.00,1.00,0.00,0.00,255,3,0.01,0.79,0.99,0.00,0.00,0.00,0.00,0.00,normal.
119,udp,other,SF,147,105,0,0,0,0,0,0,0,0,0,0,0,0,0,0,0,0,1,1,0.00,0.00,0.00,0.00,1.00,0.00,0.00,255,1,0.00,0.70,0.96,0.00,0.00,0.00,0.00,0.00,normal.
3149,udp,other,SF,147,105,0,0,0,0,0,0,0,0,0,0,0,0,0,0,0,0,3,2,0.00,0.00,0.00,0.00,0.67,0.67,0.00,255,2,0.01,0.69,0.95,0.00,0.00,0.00,0.00,0.00,normal.
0,tcp,other,S0,0,0,0,0,0,0,0,0,0,0,0,0,0,0,0,0,0,0,248,10,1.00,1.00,0.00,0.00,0.04,0.05,0.00,255,10,0.04,0.05,0.00,0.00,1.00,1.00,0.00,0.00,neptune.
0,udp,other,SF,516,4,0,0,0,0,0,0,0,0,0,0,0,0,0,0,0,0,280,280,0.00,0.00,0.00,0.00,1.00,0.00,0.00,255,255,1.00,0.00,1.00,0.00,0.00,0.00,0.00,0.00,normal.
3770,udp,other,SF,146,105,0,0,0,0,0,0,0,0,0,0,0,0,0,0,0,0,3,2,0.00,0.00,0.00,0.00,0.67,0.67,0.00,255,4,0.02,0.74,1.00,0.00,0.00,0.00,0.00,0.00,normal.
2069,udp,other,SF,147,105,0,0,0,0,0,0,0,0,0,0,0,0,0,0,0,0,1,1,0.00,0.00,0.00,0.00,1.00,0.00,0.00,255,1,0.00,0.63,0.92,0.00,0.00,0.00,0.00,0.00,normal.
2649,udp,other,SF,146,105,0,0,0,0,0,0,0,0,0,0,0,0,0,0,0,0,1,1,0.00,0.00,0.00,0.00,1.00,0.00,0.00,255,3,0.01,0.42,0.72,0.00,0.00,0.00,0.00,0.00,normal.
2639,udp,other,SF,146,105,0,0,0,0,0,0,0,0,0,0,0,0,0,0,0,0,1,1,0.00,0.00,0.00,0.00,1.00,0.00,0.00,255,1,0.00,0.83,1.00,0.00,0.00,0.00,0.00,0.00,normal.
2466,udp,other,SF,147,105,0,0,0,0,0,0,0,0,0,0,0,0,0,0,0,0,2,2,0.00,0.00,0.00,0.00,1.00,0.00,0.00,255,2,0.01,0.90,1.00,0.00,0.00,0.00,0.00,0.00,normal.
334,udp,other,SF,146,105,0,0,0,0,0,0,0,0,0,0,0,0,0,0,0,0,1,1,0.00,0.00,0.00,0.00,1.00,0.00,0.00,255,1,0.00,0.85,1.00,0.00,0.00,0.00,0.00,0.00,normal.
1186,udp,other,SF,147,105,0,0,0,0,0,0,0,0,0,0,0,0,0,0,0,0,1,1,0.00,0.00,0.00,0.00,1.00,0.00,0.00,255,3,0.01,0.64,0.86,0.00,0.00,0.00,0.00,0.00,normal.
0,tcp,other,S0,0,0,0,0,0,0,0,0,0,0,0,0,0,0,0,0,0,0,509,1,0.25,1.00,0.75,0.00,0.00,1.00,0.00,255,1,0.00,1.00,0.00,0.00,0.35,1.00,0.65,0.00,satan.
19757,udp,other,SF,147,105,0,0,0,0,0,0,0,0,0,0,0,0,0,0,0,0,1,1,0.00,0.00,0.00,0.00,1.00,0.00,0.00,255,1,0.00,0.84,1.00,0.00,0.00,0.00,0.00,0.00,normal.
2240,udp,other,SF,146,105,0,0,0,0,0,0,0,0,0,0,0,0,0,0,0,0,1,1,0.00,0.00,0.00,0.00,1.00,0.00,0.00,255,1,0.00,0.84,0.98,0.00,0.00,0.00,0.00,0.00,normal.
13006,udp,other,SF,147,105,0,0,0,0,0,0,0,0,0,0,0,0,0,0,0,0,1,1,0.00,0.00,0.00,0.00,1.00,0.00,0.00,255,2,0.01,0.55,0.89,0.00,0.00,0.00,0.00,0.00,normal.
1684,udp,other,SF,147,105,0,0,0,0,0,0,0,0,0,0,0,0,0,0,0,0,1,1,0.00,0.00,0.00,0.00,1.00,0.00,0.00,255,1,0.00,0.62,0.89,0.00,0.00,0.00,0.00,0.00,normal.
1370,udp,other,SF,145,105,0,0,0,0,0,0,0,0,0,0,0,0,0,0,0,0,4,2,0.00,0.00,0.00,0.00,0.50,0.50,0.00,255,2,0.01,0.83,1.00,0.00,0.00,0.00,0.00,0.00,normal.
1041,udp,other,SF,147,105,0,0,0,0,0,0,0,0,0,0,0,0,0,0,0,0,1,1,0.00,0.00,0.00,0.00,1.00,0.00,0.00,255,1,0.00,0.49,0.68,0.00,0.00,0.00,0.00,0.00,normal.
5656,udp,other,SF,147,105,0,0,0,0,0,0,0,0,0,0,0,0,0,0,0,0,1,1,0.00,0.00,0.00,0.00,1.00,0.00,0.00,255,1,0.00,0.71,0.97,0.00,0.00,0.00,0.00,0.00,normal.
4603,udp,other,SF,146,105,0,0,0,0,0,0,0,0,0,0,0,0,0,0,0,0,1,1,0.00,0.00,0.00,0.00,1.00,0.00,0.00,255,1,0.00,0.61,0.94,0.00,0.00,0.00,0.00,0.00,normal.
593,udp,other,SF,147,105,0,0,0,0,0,0,0,0,0,0,0,0,0,0,0,0,3,1,0.00,0.00,0.00,0.00,0.33,0.67,0.00,255,1,0.00,0.55,0.86,0.00,0.00,0.00,0.00,0.00,normal.
3182,udp,other,SF,147,105,0,0,0,0,0,0,0,0,0,0,0,0,0,0,0,0,1,1,0.00,0.00,0.00,0.00,1.00,0.00,0.00,255,2,0.01,0.52,0.85,0.00,0.00,0.00,0.00,0.00,normal.
0,tcp,other,REJ,0,0,0,0,0,0,0,0,0,0,0,0,0,0,0,0,0,0,511,1,0.12,0.00,0.88,1.00,0.00,1.00,0.00,255,1,0.00,1.00,0.00,0.00,0.00,0.00,1.00,1.00,satan.
3109,udp,other,SF,146,105,0,0,0,0,0,0,0,0,0,0,0,0,0,0,0,0,1,1,0.00,0.00,0.00,0.00,1.00,0.00,0.00,255,1,0.00,0.62,0.93,0.00,0.00,0.00,0.00,0.00,normal.
2242,udp,other,SF,146,105,0,0,0,0,0,0,0,0,0,0,0,0,0,0,0,0,1,1,0.00,0.00,0.00,0.00,1.00,0.00,0.00,255,1,0.00,0.85,0.99,0.00,0.00,0.00,0.00,0.00,normal.
2242,udp,other,SF,146,105,0,0,0,0,0,0,0,0,0,0,0,0,0,0,0,0,1,1,0.00,0.00,0.00,0.00,1.00,0.00,0.00,255,1,0.00,0.85,0.99,0.00,0.00,0.00,0.00,0.00,normal.
0,tcp,other,SF,35195,0,0,0,0,0,0,1,0,0,0,0,0,0,0,0,0,0,21,1,0.05,0.00,0.00,0.00,0.05,0.14,0.00,186,1,0.01,0.04,0.26,0.00,0.01,0.00,0.00,0.00,normal.
0,udp,other,SF,147,0,0,0,0,0,0,0,0,0,0,0,0,0,0,0,0,0,5,1,0.00,0.00,0.00,0.00,0.20,0.60,0.00,255,1,0.00,0.62,0.89,0.00,0.00,0.00,0.00,0.00,normal.
11105,udp,other,SF,146,105,0,0,0,0,0,0,0,0,0,0,0,0,0,0,0,0,1,1,0.00,0.00,0.00,0.00,1.00,0.00,0.00,255,1,0.00,0.71,0.98,0.00,0.00,0.00,0.00,0.00,normal.
0,tcp,other,REJ,0,0,0,0,0,0,0,0,0,0,0,0,0,0,0,0,0,0,509,1,0.21,0.00,0.79,1.00,0.00,1.00,0.00,255,1,0.00,1.00,0.00,0.00,0.32,0.00,0.68,1.00,satan.
1581,udp,other,SF,147,105,0,0,0,0,0,0,0,0,0,0,0,0,0,0,0,0,1,1,0.00,0.00,0.00,0.00,1.00,0.00,0.00,255,1,0.00,0.65,0.95,0.00,0.00,0.00,0.00,0.00,normal.
0,tcp,other,SF,3909,0,0,0,0,0,0,1,0,0,0,0,0,0,0,0,0,0,8,1,0.00,0.00,0.00,0.00,0.12,0.88,0.00,131,1,0.01,0.08,0.11,0.00,0.00,0.00,0.00,0.00,normal.
2630,udp,other,SF,147,105,0,0,0,0,0,0,0,0,0,0,0,0,0,0,0,0,1,1,0.00,0.00,0.00,0.00,1.00,0.00,0.00,255,2,0.01,0.75,1.00,0.00,0.00,0.00,0.00,0.00,normal.
2630,udp,other,SF,147,105,0,0,0,0,0,0,0,0,0,0,0,0,0,0,0,0,1,1,0.00,0.00,0.00,0.00,1.00,0.00,0.00,255,2,0.01,0.75,1.00,0.00,0.00,0.00,0.00,0.00,normal.
2084,udp,other,SF,147,105,0,0,0,0,0,0,0,0,0,0,0,0,0,0,0,0,1,1,0.00,0.00,0.00,0.00,1.00,0.00,0.00,255,3,0.01,0.64,0.98,0.00,0.00,0.00,0.00,0.00,normal.
11734,udp,other,SF,145,105,0,0,0,0,0,0,0,0,0,0,0,0,0,0,0,0,1,1,0.00,0.00,0.00,0.00,1.00,0.00,0.00,255,1,0.00,0.78,0.99,0.00,0.00,0.00,0.00,0.00,normal.
0,udp,other,SF,146,0,0,0,0,0,0,0,0,0,0,0,0,0,0,0,0,0,3,1,0.00,0.00,0.00,0.00,0.33,0.67,0.00,255,2,0.01,0.68,0.97,0.00,0.00,0.00,0.00,0.00,normal.
0,udp,other,SF,147,0,0,0,0,0,0,0,0,0,0,0,0,0,0,0,0,0,3,1,0.00,0.00,0.00,0.00,0.33,0.67,0.00,255,1,0.00,0.61,0.86,0.00,0.00,0.00,0.00,0.00,normal.
2592,udp,other,SF,146,105,0,0,0,0,0,0,0,0,0,0,0,0,0,0,0,0,1,1,0.00,0.00,0.00,0.00,1.00,0.00,0.00,255,1,0.00,0.83,0.98,0.00,0.00,0.00,0.00,0.00,normal.
2777,udp,other,SF,146,105,0,0,0,0,0,0,0,0,0,0,0,0,0,0,0,0,1,1,0.00,0.00,0.00,0.00,1.00,0.00,0.00,255,1,0.00,0.56,0.88,0.00,0.00,0.00,0.00,0.00,normal.
2003,udp,other,SF,147,105,0,0,0,0,0,0,0,0,0,0,0,0,0,0,0,0,1,1,0.00,0.00,0.00,0.00,1.00,0.00,0.00,255,1,0.00,0.85,1.00,0.00,0.00,0.00,0.00,0.00,normal.
0,udp,other,SF,147,0,0,0,0,0,0,0,0,0,0,0,0,0,0,0,0,0,1,1,0.00,0.00,0.00,0.00,1.00,0.00,0.00,255,1,0.00,0.62,1.00,0.00,0.00,0.00,0.00,0.00,normal.
0,tcp,other,S0,0,0,0,0,0,0,0,0,0,0,0,0,0,0,0,0,0,0,510,1,0.23,1.00,0.76,0.00,0.00,1.00,0.00,255,1,0.00,1.00,0.00,0.00,0.18,1.00,0.82,0.00,satan.
