0,tcp,smtp,SF,642,283,0,0,0,0,0,1,0,0,0,0,0,0,0,0,0,0,1,1,0.00,0.00,0.00,0.00,1.00,0.00,0.00,46,83,0.65,0.09,0.02,0.02,0.00,0.00,0.00,0.00,normal.
2,tcp,smtp,SF,2368,336,0,0,0,0,0,1,0,0,0,0,0,0,0,0,0,0,1,1,0.00,0.00,0.00,0.00,1.00,0.00,0.00,161,137,0.43,0.02,0.01,0.01,0.00,0.00,0.00,0.00,normal.
8,tcp,smtp,SF,1173,366,0,0,0,0,0,1,0,0,0,0,0,0,0,0,0,0,2,4,0.00,0.25,0.00,0.00,1.00,0.00,0.75,92,59,0.64,0.03,0.01,0.00,0.00,0.00,0.00,0.00,normal.
0,tcp,smtp,SF,1117,591,0,0,0,0,0,1,0,0,0,0,0,0,0,0,0,0,1,1,0.00,0.00,0.00,0.00,1.00,0.00,0.00,76,134,0.21,0.05,0.01,0.01,0.00,0.00,0.00,0.00,normal.
2,tcp,smtp,SF,1478,448,0,0,0,0,0,1,0,0,0,0,0,0,0,0,0,0,1,3,0.00,0.00,0.00,0.00,1.00,0.00,1.00,39,230,0.97,0.05,0.03,0.01,0.00,0.00,0.00,0.00,normal.
1,tcp,smtp,SF,1783,333,0,0,0,0,0,1,0,0,0,0,0,0,0,0,0,0,1,1,0.00,0.00,0.00,0.00,1.00,0.00,0.00,176,191,0.83,0.06,0.01,0.01,0.02,0.02,0.00,0.00,normal.
0,tcp,smtp,SF,798,329,0,0,0,0,0,1,0,0,0,0,0,0,0,0,0,0,1,1,0.00,0.00,0.00,0.00,1.00,0.00,0.00,245,148,0.60,0.01,0.00,0.00,0.00,0.00,0.00,0.00,normal.
0,tcp,smtp,SF,1245,336,0,0,0,0,0,1,0,0,0,0,0,0,0,0,0,0,1,1,0.00,0.00,0.00,0.00,1.00,0.00,0.00,207,146,0.55,0.02,0.00,0.01,0.00,0.00,0.00,0.00,normal.
0,tcp,smtp,SF,1289,326,0,0,0,0,0,1,0,0,0,0,0,0,0,0,0,0,1,4,0.00,0.00,0.00,0.00,1.00,0.00,1.00,123,111,0.41,0.03,0.01,0.02,0.00,0.00,0.03,0.05,normal.
0,tcp,smtp,SF,2861,398,0,0,0,0,0,1,0,0,0,0,0,0,0,0,0,0,1,1,0.00,0.00,0.00,0.00,1.00,0.00,0.00,171,217,0.85,0.02,0.01,0.01,0.00,0.00,0.02,0.03,normal.
2,tcp,smtp,SF,621,338,0,0,0,0,0,1,0,0,0,0,0,0,0,0,0,0,1,1,0.00,0.00,0.00,0.00,1.00,0.00,0.00,91,147,0.45,0.04,0.01,0.01,0.00,0.00,0.00,0.00,normal.
1,tcp,smtp,SF,2104,336,0,0,0,0,0,1,0,0,0,0,0,0,0,0,0,0,1,1,0.00,0.00,0.00,0.00,1.00,0.00,0.00,205,178,0.67,0.02,0.00,0.01,0.00,0.00,0.00,0.00,normal.
11,tcp,smtp,SF,11687,1431,0,0,0,0,0,1,0,0,0,0,0,0,0,0,0,0,1,2,0.00,0.00,0.00,0.00,1.00,0.00,1.00,231,139,0.60,0.09,0.00,0.00,0.00,0.00,0.00,0.00,normal.
0,tcp,smtp,SF,773,277,0,0,0,0,0,1,0,0,0,0,0,0,1,0,0,0,1,1,0.00,0.00,0.00,0.00,1.00,0.00,0.00,167,102,0.61,0.04,0.01,0.00,0.00,0.00,0.00,0.00,normal.
3,tcp,smtp,SF,12455,1385,0,0,0,0,0,1,0,0,0,0,0,0,0,0,0,0,1,2,0.00,0.00,0.00,0.00,1.00,0.00,1.00,161,137,0.60,0.02,0.01,0.01,0.00,0.00,0.01,0.04,normal.
0,tcp,smtp,SF,1175,337,0,0,0,0,0,1,0,0,0,0,0,0,0,0,0,0,1,1,0.00,0.00,0.00,0.00,1.00,0.00,0.00,255,132,0.52,0.02,0.00,0.00,0.00,0.00,0.00,0.00,normal.
0,tcp,smtp,SF,2163,330,0,0,0,0,0,1,0,0,0,0,0,0,0,0,0,0,1,1,0.00,0.00,0.00,0.00,1.00,0.00,0.00,255,120,0.47,0.03,0.00,0.00,0.00,0.00,0.00,0.00,normal.
0,tcp,smtp,SF,1133,330,0,0,0,0,0,1,0,0,0,0,0,0,0,0,0,0,1,1,0.00,0.00,0.00,0.00,1.00,0.00,0.00,14,244,0.93,0.14,0.07,0.02,0.00,0.00,0.00,0.00,normal.
1,tcp,smtp,SF,724,363,0,0,0,0,0,1,0,0,0,0,0,0,0,0,0,0,1,4,0.00,0.00,0.00,0.00,1.00,0.00,1.00,212,170,0.72,0.05,0.00,0.01,0.01,0.01,0.00,0.00,normal.
0,tcp,smtp,SF,1402,406,0,0,0,0,0,1,0,0,0,0,0,0,0,0,0,0,1,2,0.00,0.00,0.00,0.00,1.00,0.00,1.00,18,42,0.44,0.22,0.06,0.05,0.06,0.00,0.00,0.00,normal.
5,tcp,smtp,SF,1044,338,0,0,0,0,0,1,0,0,0,0,0,0,0,0,0,0,1,2,0.00,0.00,0.00,0.00,1.00,0.00,1.00,226,128,0.47,0.02,0.00,0.02,0.00,0.00,0.00,0.00,normal.
1,tcp,smtp,SF,1066,329,0,0,0,0,0,1,0,0,0,0,0,0,0,0,0,0,1,2,0.00,0.00,0.00,0.00,1.00,0.00,1.00,89,111,0.47,0.08,0.01,0.02,0.01,0.01,0.00,0.00,normal.
0,tcp,smtp,SF,982,333,0,0,0,0,0,1,0,0,0,0,0,0,0,0,0,0,1,1,0.00,0.00,0.00,0.00,1.00,0.00,0.00,29,98,0.10,0.14,0.03,0.02,0.00,0.00,0.00,0.00,normal.
0,tcp,smtp,SF,610,328,0,0,0,0,0,1,0,0,0,0,0,0,1,0,0,0,1,1,0.00,0.00,0.00,0.00,1.00,0.00,0.00,74,195,0.68,0.07,0.01,0.01,0.00,0.00,0.00,0.00,normal.
0,tcp,smtp,SF,1974,494,0,0,0,0,0,1,0,0,0,0,0,0,0,0,0,0,1,1,0.00,0.00,0.00,0.00,1.00,0.00,0.00,30,182,0.97,0.07,0.03,0.03,0.00,0.00,0.00,0.00,normal.
0,tcp,smtp,SF,1073,324,0,0,0,0,0,1,0,0,0,0,0,0,0,0,0,0,1,2,0.00,0.00,0.00,0.00,1.00,0.00,1.00,70,215,0.59,0.04,0.01,0.01,0.00,0.00,0.00,0.00,normal.
4,tcp,smtp,SF,1212,332,0,0,0,0,0,1,0,0,0,0,0,0,0,0,0,0,1,2,0.00,0.00,0.00,0.00,1.00,0.00,1.00,60,191,0.88,0.07,0.02,0.01,0.00,0.00,0.00,0.00,normal.
0,tcp,smtp,SF,882,477,0,0,0,0,0,1,0,0,0,0,0,0,0,0,0,0,1,1,0.00,0.00,0.00,0.00,1.00,0.00,0.00,148,115,0.32,0.03,0.01,0.02,0.01,0.00,0.33,0.00,normal.
0,tcp,smtp,SF,1292,325,0,0,0,0,0,1,0,0,0,1,1,0,0,0,0,0,1,1,0.00,0.00,0.00,0.00,1.00,0.00,0.00,28,117,0.29,0.11,0.04,0.02,0.00,0.00,0.00,0.00,normal.
0,tcp,smtp,SF,976,402,0,0,0,0,0,1,0,0,0,0,0,0,0,0,0,0,1,4,0.00,0.00,0.00,0.00,1.00,0.00,1.00,155,220,0.79,0.03,0.01,0.01,0.12,0.00,0.00,0.00,normal.
0,tcp,smtp,SF,1591,358,0,0,0,0,0,1,0,0,0,0,0,0,0,0,0,0,1,2,0.00,0.00,0.00,0.00,1.00,0.00,1.00,30,191,0.60,0.13,0.03,0.01,0.00,0.00,0.00,0.00,normal.
1,tcp,smtp,SF,1315,325,0,0,0,0,0,1,0,0,0,0,0,0,0,0,0,0,1,4,0.00,0.00,0.00,0.00,1.00,0.00,1.00,57,244,0.95,0.04,0.02,0.01,0.00,0.00,0.00,0.00,normal.
0,tcp,smtp,SF,765,323,0,0,0,0,0,1,0,0,0,0,0,0,0,0,0,0,1,1,0.00,0.00,0.00,0.00,1.00,0.00,0.00,137,99,0.72,0.03,0.01,0.00,0.00,0.00,0.00,0.00,normal.
4,tcp,smtp,SF,13718,1369,0,0,0,0,0,1,0,0,0,0,0,0,0,0,0,0,1,1,0.00,0.00,0.00,0.00,1.00,0.00,0.00,110,231,0.95,0.02,0.01,0.01,0.00,0.00,0.00,0.00,normal.
3,tcp,smtp,SF,841,331,0,0,0,0,0,1,0,0,0,0,0,0,0,0,0,0,1,2,0.00,0.00,0.00,0.00,1.00,0.00,1.00,26,182,1.00,0.00,0.04,0.02,0.00,0.00,0.00,0.00,normal.
1,tcp,smtp,SF,1413,373,0,0,0,0,0,1,0,0,0,0,0,0,0,0,0,0,1,2,0.00,0.00,0.00,0.00,1.00,0.00,1.00,39,236,0.92,0.08,0.03,0.02,0.00,0.00,0.00,0.00,normal.
0,tcp,smtp,SF,2017,328,0,0,0,0,0,1,0,0,0,0,0,0,0,0,0,0,1,1,0.00,0.00,0.00,0.00,1.00,0.00,0.00,5,239,1.00,0.00,0.20,0.02,0.00,0.00,0.00,0.00,normal.
0,tcp,smtp,SF,1170,327,0,0,0,0,0,1,0,0,0,0,0,0,2,0,0,0,1,1,0.00,0.00,0.00,0.00,1.00,0.00,0.00,95,89,0.94,0.03,0.01,0.00,0.00,0.00,0.01,0.00,normal.
0,tcp,smtp,SF,607,337,0,0,0,0,0,1,0,0,0,0,1,0,0,0,0,0,1,1,0.00,0.00,0.00,0.00,1.00,0.00,0.00,255,129,0.51,0.03,0.00,0.00,0.00,0.01,0.00,0.00,normal.
1,tcp,smtp,SF,894,365,0,0,0,0,0,1,0,0,0,0,0,0,0,0,0,0,1,2,0.00,0.00,0.00,0.00,1.00,0.00,1.00,168,144,0.37,0.04,0.01,0.01,0.02,0.01,0.00,0.00,normal.
0,tcp,smtp,SF,1323,498,0,0,0,0,0,1,0,0,0,0,0,0,0,0,0,0,1,2,0.00,0.00,0.00,0.00,1.00,0.00,1.00,179,19,0.11,0.03,0.01,0.00,0.00,0.00,0.83,0.00,normal.
0,tcp,smtp,SF,908,373,0,0,0,0,0,1,0,0,0,0,0,0,0,0,0,0,1,2,0.00,0.00,0.00,0.00,1.00,0.00,1.00,135,129,0.43,0.03,0.01,0.02,0.00,0.00,0.02,0.04,normal.
0,tcp,smtp,SF,983,328,0,0,0,0,0,1,0,0,0,0,0,0,0,0,0,0,1,1,0.00,0.00,0.00,0.00,1.00,0.00,0.00,88,162,0.86,0.03,0.01,0.01,0.00,0.00,0.00,0.00,normal.
7,tcp,smtp,SF,1254,330,0,0,0,0,0,1,0,0,0,0,0,0,0,0,0,0,1,3,0.00,0.00,0.00,0.00,1.00,0.00,1.00,70,172,0.59,0.04,0.01,0.02,0.00,0.00,0.00,0.00,normal.
0,tcp,smtp,SF,978,328,0,0,0,0,0,1,0,0,0,0,0,0,0,0,0,0,1,1,0.00,0.00,0.00,0.00,1.00,0.00,0.00,32,166,0.56,0.06,0.03,0.02,0.00,0.00,0.00,0.04,normal.
0,tcp,smtp,SF,1583,332,0,0,0,0,0,1,0,0,0,0,0,0,0,0,0,0,1,1,0.00,0.00,0.00,0.00,1.00,0.00,0.00,82,130,0.50,0.07,0.01,0.02,0.00,0.00,0.00,0.00,normal.
1,tcp,smtp,SF,1694,334,0,0,0,0,0,1,0,0,0,0,0,0,0,0,0,0,1,2,0.00,0.00,0.00,0.00,1.00,0.00,1.00,255,121,0.47,0.03,0.00,0.00,0.00,0.00,0.00,0.00,normal.
3,tcp,smtp,SF,2096,340,0,0,0,0,0,1,0,0,0,0,0,0,0,0,0,0,1,2,0.00,0.00,0.00,0.00,1.00,0.00,1.00,203,195,0.71,0.02,0.00,0.01,0.00,0.00,0.00,0.00,normal.
1,tcp,smtp,SF,1412,329,0,0,0,0,0,1,0,0,0,0,0,0,0,0,0,0,1,1,0.00,0.00,0.00,0.00,1.00,0.00,0.00,98,181,0.70,0.04,0.01,0.01,0.00,0.00,0.00,0.00,normal.
0,tcp,smtp,SF,1156,337,0,0,0,0,0,1,0,0,0,0,0,0,1,0,0,0,1,2,0.00,0.00,0.00,0.00,1.00,0.00,1.00,229,182,0.71,0.02,0.00,0.01,0.00,0.00,0.00,0.00,normal.
0,tcp,smtp,SF,2505,363,0,0,0,0,0,1,0,0,0,0,0,0,0,0,0,0,1,1,0.00,0.00,0.00,0.00,1.00,0.00,0.00,220,166,0.75,0.03,0.00,0.00,0.00,0.00,0.00,0.00,normal.
1,tcp,smtp,SF,1201,333,0,0,0,0,0,1,0,0,0,0,0,0,0,0,0,0,1,4,0.00,0.00,0.00,0.00,1.00,0.00,1.00,47,117,0.79,0.09,0.02,0.02,0.00,0.00,0.00,0.00,normal.
0,tcp,smtp,SF,881,365,0,0,0,0,0,1,0,0,0,0,0,0,0,0,0,0,1,1,0.00,0.00,0.00,0.00,1.00,0.00,0.00,195,177,0.73,0.02,0.01,0.01,0.00,0.00,0.00,0.00,normal.
0,tcp,smtp,SF,1355,331,0,0,0,0,0,1,0,0,0,0,0,0,0,0,0,0,1,1,0.00,0.00,0.00,0.00,1.00,0.00,0.00,255,124,0.49,0.03,0.00,0.00,0.00,0.00,0.00,0.00,normal.
0,tcp,smtp,SF,1594,404,0,0,0,0,0,1,0,0,0,0,0,0,0,0,0,0,1,2,0.00,0.00,0.00,0.00,1.00,0.00,1.00,107,189,0.64,0.03,0.01,0.01,0.00,0.00,0.00,0.00,normal.
0,tcp,smtp,SF,1596,333,0,0,0,0,0,1,0,0,0,1,0,0,0,0,0,0,1,2,0.00,0.00,0.00,0.00,1.00,0.00,1.00,15,192,1.00,0.00,0.07,0.02,0.00,0.00,0.00,0.00,normal.
1,tcp,smtp,SF,1908,369,0,0,0,0,0,1,0,0,0,0,0,0,0,0,0,0,1,2,0.00,0.00,0.00,0.00,1.00,0.00,1.00,50,141,1.00,0.00,0.02,0.01,0.00,0.00,0.00,0.00,normal.
0,tcp,smtp,SF,744,331,0,0,0,0,0,1,0,0,0,0,0,0,0,0,0,0,1,1,0.00,0.00,0.00,0.00,1.00,0.00,0.00,144,113,0.55,0.03,0.01,0.02,0.00,0.00,0.00,0.00,normal.
0,tcp,smtp,SF,1145,329,0,0,0,0,0,1,0,0,0,0,0,0,0,0,0,0,2,1,0.00,0.00,0.00,0.00,0.50,1.00,0.00,36,26,0.72,0.11,0.03,0.00,0.00,0.00,0.00,0.00,normal.
1,tcp,smtp,SF,1582,336,0,0,0,0,0,1,0,0,0,0,0,0,0,0,0,0,1,1,0.00,0.00,0.00,0.00,1.00,0.00,0.00,86,150,0.49,0.07,0.01,0.02,0.00,0.00,0.00,0.00,normal.
3,tcp,smtp,SF,2234,329,0,0,0,0,0,1,0,0,0,0,0,0,0,0,0,0,1,3,0.00,0.00,0.00,0.00,1.00,0.00,1.00,77,75,0.75,0.06,0.01,0.03,0.00,0.00,0.00,0.00,normal.
1,tcp,smtp,SF,1746,371,0,0,0,0,0,1,0,0,0,0,0,0,0,0,0,0,1,1,0.00,0.00,0.00,0.00,1.00,0.00,0.00,96,185,0.95,0.03,0.01,0.01,0.00,0.00,0.00,0.00,normal.
2,tcp,smtp,SF,2184,327,0,0,0,0,0,1,0,0,0,0,0,0,0,0,0,0,1,3,0.00,0.00,0.00,0.00,1.00,0.00,1.00,132,164,0.60,0.05,0.01,0.01,0.00,0.00,0.00,0.00,normal.
1,tcp,smtp,SF,1680,331,0,0,0,0,0,1,0,0,0,0,0,0,0,0,0,0,1,1,0.00,0.00,0.00,0.00,1.00,0.00,0.00,188,154,0.61,0.02,0.01,0.01,0.00,0.00,0.00,0.00,normal.
0,tcp,smtp,SF,4022,338,0,0,0,0,0,1,0,0,0,0,0,0,0,0,0,0,1,1,0.00,0.00,0.00,0.00,1.00,0.00,0.00,11,135,0.55,0.18,0.09,0.01,0.00,0.00,0.00,0.00,normal.
3,tcp,smtp,SF,2016,400,0,0,0,0,0,1,0,0,0,0,0,0,0,0,0,0,1,1,0.00,0.00,0.00,0.00,1.00,0.00,0.00,64,47,0.73,0.05,0.02,0.00,0.00,0.00,0.00,0.00,normal.
0,tcp,smtp,SF,1327,337,0,0,0,0,0,1,0,0,0,0,0,0,0,0,0,0,1,1,0.00,0.00,0.00,0.00,1.00,0.00,0.00,72,166,0.83,0.06,0.01,0.01,0.01,0.01,0.00,0.00,normal.
1,tcp,smtp,SF,1158,329,0,0,0,0,0,1,0,0,0,0,0,0,0,0,0,0,1,6,0.00,0.00,0.00,0.00,1.00,0.00,0.83,124,156,0.37,0.05,0.01,0.02,0.00,0.00,0.00,0.00,normal.
0,tcp,smtp,SF,1769,333,0,0,0,0,0,1,0,0,0,0,0,0,0,0,0,0,1,1,0.00,0.00,0.00,0.00,1.00,0.00,0.00,255,174,0.68,0.02,0.00,0.00,0.00,0.00,0.00,0.00,normal.
1,tcp,smtp,SF,1735,329,0,0,0,0,0,1,0,0,0,0,0,0,0,0,0,0,1,1,0.00,0.00,0.00,0.00,1.00,0.00,0.00,204,148,0.60,0.07,0.01,0.01,0.00,0.00,0.00,0.00,normal.
1,tcp,smtp,SF,1431,341,0,0,0,0,0,1,0,0,0,0,0,0,0,0,0,0,1,3,0.00,0.00,0.00,0.00,1.00,0.00,1.00,133,167,0.69,0.03,0.01,0.01,0.00,0.00,0.00,0.00,normal.
0,tcp,smtp,SF,1261,373,0,0,0,0,0,1,0,0,0,0,0,0,0,0,0,0,1,1,0.00,0.00,0.00,0.00,1.00,0.00,0.00,12,194,0.92,0.17,0.08,0.02,0.00,0.00,0.00,0.00,normal.
2,tcp,smtp,SF,2767,408,0,0,0,0,0,1,0,0,0,0,0,0,0,0,0,0,1,3,0.00,0.00,0.00,0.00,1.00,0.00,1.00,23,135,1.00,0.00,0.04,0.01,0.00,0.00,0.00,0.00,normal.
1,tcp,smtp,SF,1729,396,0,0,0,0,0,1,0,0,0,0,0,0,0,0,0,0,1,4,0.00,0.00,0.00,0.00,1.00,0.00,1.00,87,185,0.75,0.06,0.01,0.01,0.00,0.00,0.00,0.00,normal.
1,tcp,smtp,SF,731,332,0,0,0,0,0,1,0,0,0,0,0,0,0,0,0,0,1,2,0.00,0.00,0.00,0.00,1.00,0.00,1.00,158,148,0.65,0.03,0.01,0.01,0.00,0.00,0.03,0.06,normal.
3,tcp,smtp,SF,1499,330,0,0,0,0,0,1,0,0,0,0,0,0,0,0,0,0,1,1,0.00,0.00,0.00,0.00,1.00,0.00,0.00,114,91,0.80,0.04,0.01,0.00,0.00,0.00,0.00,0.00,normal.
0,tcp,smtp,SF,4261,329,0,0,0,0,0,1,0,0,0,0,0,0,0,0,0,0,2,4,0.00,0.00,0.00,0.00,0.50,1.00,1.00,255,33,0.13,0.42,0.00,0.00,0.00,0.00,0.00,0.00,normal.
1,tcp,smtp,SF,695,288,0,0,0,0,0,1,0,0,0,0,0,0,0,0,0,0,1,3,0.00,0.00,0.00,0.00,1.00,0.00,1.00,84,193,0.71,0.05,0.01,0.02,0.00,0.00,0.00,0.00,normal.
1,tcp,smtp,SF,1969,329,0,0,0,0,0,1,0,0,0,0,0,0,0,0,0,0,1,4,0.00,0.25,0.00,0.00,1.00,0.00,0.50,11,128,0.73,0.27,0.09,0.02,0.00,0.00,0.00,0.00,normal.
0,tcp,smtp,SF,1011,331,0,0,0,0,0,1,0,0,0,0,0,0,0,0,0,0,1,1,0.00,0.00,0.00,0.00,1.00,0.00,0.00,193,137,0.60,0.03,0.01,0.01,0.01,0.00,0.00,0.00,normal.
5,tcp,smtp,SF,944,339,0,0,0,0,0,1,0,0,0,0,0,0,0,0,0,0,1,2,0.00,0.00,0.00,0.00,1.00,0.00,1.00,17,137,0.94,0.12,0.06,0.01,0.00,0.00,0.00,0.00,normal.
4,tcp,smtp,SF,810,327,0,0,0,0,0,1,0,0,0,0,0,0,0,0,0,0,1,1,0.00,0.00,0.00,0.00,1.00,0.00,0.00,113,117,0.34,0.05,0.01,0.02,0.01,0.02,0.00,0.00,normal.
2,tcp,smtp,SF,955,328,0,0,0,0,0,1,0,0,0,0,0,0,0,0,0,0,1,1,0.00,0.00,0.00,0.00,1.00,0.00,0.00,48,141,0.33,0.06,0.02,0.02,0.00,0.00,0.00,0.00,normal.
1,tcp,smtp,SF,1144,337,0,0,0,0,0,1,0,0,0,0,0,0,0,0,0,0,1,4,0.00,0.00,0.00,0.00,1.00,0.00,0.75,140,149,0.71,0.04,0.01,0.01,0.00,0.00,0.00,0.00,normal.
2,tcp,smtp,SF,888,332,0,0,0,0,0,1,0,0,0,0,0,0,0,0,0,0,1,1,0.00,0.00,0.00,0.00,1.00,0.00,0.00,255,151,0.59,0.03,0.00,0.00,0.00,0.00,0.00,0.00,normal.
9,tcp,smtp,SF,1057,337,0,0,0,0,0,1,0,0,0,0,0,0,0,0,0,0,1,1,0.00,0.00,0.00,0.00,1.00,0.00,0.00,70,198,0.87,0.04,0.01,0.01,0.00,0.00,0.00,0.00,normal.
0,tcp,smtp,SF,620,329,0,0,0,0,0,1,0,0,0,0,0,0,0,0,0,0,1,2,0.00,0.00,0.00,0.00,1.00,0.00,1.00,48,26,0.54,0.10,0.02,0.00,0.00,0.00,0.00,0.00,normal.
0,tcp,smtp,SF,2069,330,0,0,0,0,0,1,0,0,0,0,0,0,0,0,0,0,1,1,0.00,0.00,0.00,0.00,1.00,0.00,0.00,118,184,0.73,0.03,0.01,0.01,0.00,0.00,0.00,0.00,normal.
1,tcp,smtp,SF,2492,325,0,0,0,0,0,1,0,0,0,0,0,0,0,0,0,0,1,2,0.00,0.00,0.00,0.00,1.00,0.00,1.00,255,207,0.81,0.01,0.00,0.00,0.00,0.00,0.00,0.00,normal.
0,tcp,smtp,SF,915,327,0,0,0,0,0,1,0,0,0,0,0,0,0,0,0,0,1,1,0.00,0.00,0.00,0.00,1.00,0.00,0.00,17,245,0.88,0.12,0.06,0.01,0.00,0.00,0.00,0.00,normal.
0,tcp,smtp,SF,1087,331,0,0,0,0,0,1,0,0,0,0,0,0,0,0,0,0,2,1,0.00,0.00,0.00,0.00,0.50,1.00,0.00,31,142,0.10,0.10,0.03,0.02,0.00,0.00,0.00,0.00,normal.
2,tcp,smtp,SF,6125,372,0,0,0,0,0,1,0,0,0,0,0,0,0,0,0,0,1,2,0.00,0.00,0.00,0.00,1.00,0.00,1.00,36,177,0.81,0.08,0.03,0.02,0.00,0.00,0.00,0.00,normal.
0,tcp,smtp,SF,559,328,0,0,0,0,0,1,0,0,0,0,0,0,0,0,0,0,1,1,0.00,0.00,0.00,0.00,1.00,0.00,0.00,43,42,0.88,0.07,0.02,0.05,0.00,0.00,0.00,0.00,normal.
0,tcp,smtp,SF,787,331,0,0,0,0,0,1,0,0,0,0,0,0,0,0,0,0,1,1,0.00,0.00,0.00,0.00,1.00,0.00,0.00,135,64,0.47,0.04,0.01,0.00,0.00,0.00,0.00,0.00,normal.
0,tcp,smtp,SF,1037,331,0,0,0,0,0,1,0,0,0,0,0,0,0,0,0,0,1,1,0.00,0.00,0.00,0.00,1.00,0.00,0.00,97,52,0.54,0.05,0.01,0.00,0.02,0.02,0.00,0.00,normal.
1,tcp,smtp,SF,2600,401,0,0,0,0,0,1,0,0,0,0,0,0,0,0,0,0,1,4,0.00,0.00,0.00,0.00,1.00,0.00,1.00,202,184,0.69,0.03,0.00,0.01,0.00,0.01,0.00,0.00,normal.
2,tcp,smtp,SF,1018,332,0,0,0,0,0,1,0,0,0,0,0,0,0,0,0,0,1,2,0.00,0.00,0.00,0.00,1.00,0.00,1.00,176,145,0.56,0.03,0.01,0.01,0.01,0.01,0.00,0.00,normal.
1,tcp,smtp,SF,1932,331,0,0,0,0,0,1,0,0,0,0,0,0,0,0,0,0,1,1,0.00,0.00,0.00,0.00,1.00,0.00,0.00,26,185,0.81,0.15,0.04,0.01,0.00,0.00,0.00,0.00,normal.
6,tcp,smtp,SF,952,360,0,0,0,0,0,1,0,0,0,0,0,0,0,0,0,0,1,3,0.00,0.00,0.00,0.00,1.00,0.00,1.00,124,131,0.56,0.03,0.01,0.02,0.00,0.00,0.00,0.00,normal.
0,tcp,smtp,SF,11782,1565,0,0,0,0,0,1,0,0,0,0,0,0,0,0,0,0,1,3,0.00,0.00,0.00,0.00,1.00,0.00,1.00,225,125,0.56,0.03,0.00,0.00,0.00,0.00,0.01,0.00,normal.
0,tcp,smtp,SF,660,326,0,0,0,0,0,1,0,0,0,0,0,0,0,0,0,0,1,1,0.00,0.00,0.00,0.00,1.00,0.00,0.00,255,142,0.56,0.03,0.00,0.00,0.00,0.00,0.00,0.00,normal.
0,tcp,smtp,SF,1840,330,0,0,0,0,0,1,0,0,0,0,0,0,0,0,0,0,2,1,0.00,0.00,0.00,0.00,0.50,1.00,0.00,26,22,0.85,0.12,0.04,0.00,0.00,0.00,0.00,0.00,normal.
1,tcp,smtp,SF,1346,369,0,0,0,0,0,1,0,0,0,0,0,0,0,0,0,0,1,3,0.00,0.00,0.00,0.00,1.00,0.00,1.00,181,133,0.47,0.03,0.01,0.02,0.00,0.00,0.00,0.00,normal.
0,tcp,smtp,SF,772,330,0,0,0,0,0,1,0,0,0,0,0,0,0,0,0,0,1,1,0.00,0.00,0.00,0.00,1.00,0.00,0.00,255,120,0.47,0.03,0.00,0.00,0.00,0.00,0.00,0.00,normal.
0,tcp,smtp,SF,876,325,0,0,0,0,0,1,0,0,0,0,0,0,0,0,0,0,1,1,0.00,0.00,0.00,0.00,1.00,0.00,0.00,145,131,0.90,0.02,0.01,0.00,0.00,0.00,0.00,0.00,normal.
15,tcp,smtp,SF,1880,328,0,0,0,0,0,1,0,0,0,0,0,0,0,0,0,0,1,1,0.00,0.00,0.00,0.00,1.00,0.00,0.00,120,117,0.49,0.04,0.01,0.02,0.00,0.00,0.00,0.00,normal.
0,tcp,smtp,SF,1301,330,0,0,0,0,0,1,0,0,0,0,0,0,0,0,0,0,1,2,0.00,0.00,0.00,0.00,1.00,0.00,1.00,121,79,0.65,0.04,0.01,0.00,0.00,0.00,0.00,0.00,normal.
0,tcp,smtp,SF,1167,327,0,0,0,0,0,1,0,0,0,0,0,0,0,0,0,0,1,1,0.00,0.00,0.00,0.00,1.00,0.00,0.00,211,179,0.70,0.03,0.00,0.01,0.00,0.00,0.00,0.00,normal.
0,tcp,smtp,SF,1485,323,0,0,0,0,0,1,0,0,0,0,0,0,0,0,0,0,1,2,0.00,0.00,0.00,0.00,1.00,0.00,1.00,84,113,0.85,0.06,0.01,0.03,0.00,0.00,0.00,0.00,normal.
3,tcp,smtp,SF,1169,337,0,0,0,0,0,1,0,0,0,0,0,0,0,0,0,0,1,1,0.00,0.00,0.00,0.00,1.00,0.00,0.00,96,144,0.47,0.04,0.01,0.01,0.00,0.00,0.00,0.00,normal.
4,tcp,smtp,SF,1354,329,0,0,0,0,0,1,0,0,0,0,0,0,0,0,0,0,1,1,0.00,0.00,0.00,0.00,1.00,0.00,0.00,149,88,0.59,0.07,0.01,0.00,0.01,0.00,0.00,0.00,normal.
9,tcp,smtp,SF,732,334,0,0,0,0,0,1,0,0,0,0,0,0,0,0,0,0,1,2,0.00,0.00,0.00,0.00,1.00,0.00,1.00,106,180,0.69,0.12,0.01,0.01,0.01,0.00,0.03,0.05,normal.
0,tcp,smtp,SF,1171,325,0,0,0,0,0,1,0,0,0,0,0,0,0,0,0,0,1,1,0.00,0.00,0.00,0.00,1.00,0.00,0.00,65,129,0.35,0.03,0.02,0.02,0.00,0.00,0.00,0.00,normal.
0,tcp,smtp,SF,2406,325,0,0,0,0,0,1,0,0,0,0,0,0,0,0,0,0,1,1,0.00,0.00,0.00,0.00,1.00,0.00,0.00,31,148,0.77,0.10,0.03,0.01,0.00,0.00,0.00,0.05,normal.
5,tcp,smtp,SF,1060,366,0,0,0,0,0,1,0,0,0,0,0,0,0,0,0,0,1,1,0.00,0.00,0.00,0.00,1.00,0.00,0.00,117,94,0.80,0.03,0.01,0.00,0.00,0.00,0.00,0.00,normal.
0,tcp,smtp,SF,725,329,0,0,0,0,0,1,0,0,0,0,0,0,0,0,0,0,1,2,0.00,0.00,0.00,0.00,1.00,0.00,1.00,39,179,0.95,0.05,0.03,0.01,0.00,0.00,0.00,0.00,normal.
0,tcp,smtp,SF,2291,328,0,0,0,0,0,1,0,0,0,0,0,0,0,0,0,0,1,2,0.00,0.00,0.00,0.00,1.00,0.00,1.00,101,182,0.79,0.05,0.01,0.01,0.00,0.00,0.00,0.00,normal.
15,tcp,smtp,SF,613,329,0,0,0,0,0,1,0,0,0,0,0,0,0,0,0,0,2,2,0.00,0.00,0.00,0.00,0.50,1.00,1.00,83,162,0.70,0.05,0.01,0.01,0.00,0.00,0.00,0.00,normal.
2,tcp,smtp,SF,2415,334,0,0,0,0,0,1,0,0,0,0,0,0,0,0,0,0,1,1,0.00,0.00,0.00,0.00,1.00,0.00,0.00,217,192,0.72,0.01,0.00,0.01,0.00,0.00,0.00,0.00,normal.
1,tcp,smtp,SF,1385,335,0,0,0,0,0,1,0,0,0,0,0,0,0,0,0,0,1,2,0.00,0.00,0.00,0.00,1.00,0.00,1.00,2,112,0.50,1.00,0.50,0.02,0.00,0.00,0.50,0.00,normal.
0,tcp,smtp,SF,867,359,0,0,0,0,0,1,0,0,0,0,0,0,0,0,0,0,1,1,0.00,0.00,0.00,0.00,1.00,0.00,0.00,87,69,0.79,0.05,0.01,0.00,0.00,0.00,0.00,0.00,normal.
1,tcp,smtp,SF,1376,331,0,0,0,0,0,1,0,0,0,0,0,0,0,0,0,0,2,1,0.00,0.00,0.00,0.00,0.50,1.00,0.00,255,141,0.55,0.02,0.00,0.00,0.00,0.00,0.00,0.00,normal.
2,tcp,smtp,SF,668,329,0,0,0,0,0,1,0,0,0,0,0,0,0,0,0,0,1,2,0.00,0.00,0.00,0.00,1.00,0.00,1.00,29,168,0.79,0.10,0.03,0.01,0.00,0.01,0.00,0.00,normal.
0,tcp,smtp,S0,0,0,0,0,0,0,0,0,0,0,0,0,0,0,0,0,0,0,11,13,1.00,0.85,0.00,0.00,1.00,0.00,0.23,33,145,0.33,0.06,0.03,0.01,0.94,0.08,0.00,0.00,neptune.
0,tcp,smtp,SF,1791,440,0,0,0,0,0,1,0,0,0,0,0,0,0,0,0,0,1,2,0.00,0.00,0.00,0.00,1.00,0.00,1.00,255,102,0.40,0.22,0.00,0.00,0.22,0.00,0.00,0.00,normal.
1,tcp,smtp,SF,1733,364,0,0,0,0,0,1,0,0,0,0,0,0,0,0,0,0,1,3,0.00,0.00,0.00,0.00,1.00,0.00,1.00,67,77,0.69,0.04,0.01,0.03,0.00,0.00,0.00,0.00,normal.
0,tcp,smtp,SF,690,330,0,0,0,0,0,1,0,0,0,0,0,0,0,0,0,0,1,1,0.00,0.00,0.00,0.00,1.00,0.00,0.00,33,73,0.88,0.12,0.03,0.03,0.00,0.00,0.00,0.00,normal.
0,tcp,smtp,SF,906,335,0,0,0,0,0,1,0,0,0,0,0,0,0,0,0,0,1,1,0.00,0.00,0.00,0.00,1.00,0.00,0.00,19,57,0.95,0.11,0.05,0.04,0.00,0.00,0.00,0.00,normal.
1,tcp,smtp,SF,587,334,0,0,0,0,0,1,0,0,0,0,0,0,0,0,0,0,1,2,0.00,0.00,0.00,0.00,1.00,0.00,1.00,20,106,0.30,0.10,0.05,0.02,0.00,0.00,0.00,0.00,normal.
0,tcp,smtp,SF,1583,328,0,0,0,0,0,1,0,0,0,0,0,0,0,0,0,0,1,1,0.00,0.00,0.00,0.00,1.00,0.00,0.00,186,105,0.56,0.02,0.01,0.00,0.00,0.00,0.00,0.00,normal.
0,tcp,smtp,SF,1304,369,0,0,0,0,0,1,0,0,0,0,0,0,0,0,0,0,1,1,0.00,0.00,0.00,0.00,1.00,0.00,0.00,228,170,0.69,0.02,0.00,0.01,0.00,0.00,0.00,0.00,normal.
0,tcp,smtp,SF,1234,325,0,0,0,0,0,1,0,0,0,0,0,0,0,0,0,0,1,1,0.00,0.00,0.00,0.00,1.00,0.00,0.00,37,32,0.86,0.14,0.03,0.00,0.00,0.00,0.00,0.00,normal.
1,tcp,smtp,SF,918,332,0,0,0,0,0,1,0,0,0,0,0,0,0,0,0,0,1,1,0.00,0.00,0.00,0.00,1.00,0.00,0.00,197,122,0.62,0.03,0.01,0.00,0.00,0.00,0.05,0.08,normal.
0,tcp,smtp,SF,1945,335,0,0,0,0,0,1,0,0,0,0,0,0,0,0,0,0,1,1,0.00,0.00,0.00,0.00,1.00,0.00,0.00,52,147,0.31,0.10,0.02,0.01,0.00,0.00,0.00,0.00,normal.
3,tcp,smtp,SF,777,328,0,0,0,0,0,1,0,0,0,0,0,0,0,0,0,0,1,1,0.00,0.00,0.00,0.00,1.00,0.00,0.00,129,158,0.90,0.04,0.01,0.01,0.00,0.00,0.00,0.00,normal.
0,tcp,smtp,SF,1473,327,0,0,0,0,0,1,0,0,0,0,0,0,0,0,0,0,1,3,0.00,0.00,0.00,0.00,1.00,0.00,1.00,45,43,0.96,0.04,0.02,0.00,0.00,0.00,0.00,0.00,normal.
0,tcp,smtp,SF,1935,589,0,0,0,0,0,1,0,0,0,0,0,0,0,0,0,0,1,1,0.00,0.00,0.00,0.00,1.00,0.00,0.00,255,45,0.18,0.06,0.00,0.00,0.68,0.00,0.02,0.02,normal.
0,tcp,smtp,SF,787,330,0,0,0,0,0,1,0,0,0,0,0,0,0,0,0,0,1,2,0.00,0.00,0.00,0.00,1.00,0.00,1.00,255,21,0.08,0.52,0.00,0.00,0.00,0.00,0.00,0.00,normal.
1,tcp,smtp,SF,1428,336,0,0,0,0,0,1,0,0,0,0,0,0,0,0,0,0,1,3,0.00,0.00,0.00,0.00,1.00,0.00,1.00,255,184,0.72,0.01,0.00,0.00,0.00,0.00,0.00,0.00,normal.
97,tcp,smtp,SF,1780,328,0,0,0,0,0,1,0,0,0,0,0,0,0,0,0,0,1,3,0.00,0.00,0.00,0.00,1.00,0.00,1.00,84,175,0.62,0.05,0.01,0.01,0.00,0.00,0.00,0.00,normal.
0,tcp,smtp,SF,1105,328,0,0,0,0,0,1,0,0,0,0,0,0,0,0,0,0,1,1,0.00,0.00,0.00,0.00,1.00,0.00,0.00,19,91,0.84,0.21,0.05,0.03,0.00,0.00,0.00,0.00,normal.
0,tcp,smtp,SF,3776,327,0,0,0,0,0,1,0,0,0,0,0,0,0,0,0,0,1,1,0.00,0.00,0.00,0.00,1.00,0.00,0.00,132,208,0.67,0.02,0.01,0.01,0.00,0.00,0.00,0.00,normal.
1,tcp,smtp,SF,1519,332,0,0,0,0,0,1,0,0,0,0,0,0,0,0,0,0,1,2,0.00,0.00,0.00,0.00,1.00,0.00,1.00,183,129,0.59,0.02,0.01,0.02,0.00,0.00,0.00,0.00,normal.
1,tcp,smtp,SF,960,326,0,0,0,0,0,1,0,0,0,0,0,0,0,0,0,0,1,3,0.00,0.00,0.00,0.00,1.00,0.00,1.00,129,181,0.80,0.04,0.01,0.01,0.00,0.00,0.00,0.00,normal.
0,tcp,smtp,SF,1906,329,0,0,0,0,0,1,0,0,0,0,0,0,0,0,0,0,1,1,0.00,0.00,0.00,0.00,1.00,0.00,0.00,119,88,0.74,0.04,0.01,0.00,0.01,0.00,0.00,0.00,normal.
1,tcp,smtp,SF,1416,375,0,0,0,0,0,1,0,0,0,0,0,0,0,0,0,0,1,5,0.00,0.00,0.00,0.00,1.00,0.00,1.00,86,238,0.95,0.02,0.01,0.01,0.00,0.00,0.00,0.00,normal.
40,tcp,smtp,SF,4350,331,0,0,0,0,0,1,0,0,0,0,0,0,0,0,0,0,2,2,0.00,0.00,0.00,0.00,1.00,0.00,0.00,101,78,0.77,0.04,0.01,0.00,0.00,0.00,0.00,0.00,normal.
1,tcp,smtp,SF,575,326,0,0,0,0,0,1,0,0,0,0,0,0,0,0,0,0,1,1,0.00,0.00,0.00,0.00,1.00,0.00,0.00,90,207,0.88,0.04,0.01,0.01,0.00,0.00,0.00,0.00,normal.
0,tcp,smtp,SF,1297,327,0,0,0,0,0,1,0,0,0,0,0,0,0,0,0,0,1,1,0.00,0.00,0.00,0.00,1.00,0.00,0.00,209,138,0.66,0.03,0.00,0.01,0.00,0.00,0.00,0.00,normal.
3,tcp,smtp,SF,853,283,0,0,0,0,0,1,0,0,0,0,0,0,0,0,0,0,1,1,0.00,0.00,0.00,0.00,1.00,0.00,0.00,199,128,0.64,0.03,0.01,0.00,0.00,0.00,0.00,0.00,normal.
0,tcp,smtp,SF,650,328,0,0,0,0,0,1,0,0,0,0,0,0,0,0,0,0,1,1,0.00,0.00,0.00,0.00,1.00,0.00,0.00,57,44,0.77,0.05,0.02,0.00,0.00,0.00,0.00,0.00,normal.
2,tcp,smtp,SF,13399,326,0,0,0,0,0,1,0,0,0,0,0,0,0,0,0,0,1,2,0.00,0.00,0.00,0.00,1.00,0.00,1.00,29,178,0.97,0.07,0.03,0.02,0.00,0.00,0.00,0.00,normal.
0,tcp,smtp,SF,2840,331,0,0,0,0,0,1,0,0,0,0,0,0,0,0,0,0,1,1,0.00,0.00,0.00,0.00,1.00,0.00,0.00,5,126,0.80,0.40,0.20,0.02,0.00,0.00,0.00,0.00,normal.
0,tcp,smtp,SF,1118,333,0,0,0,0,0,1,0,0,0,0,0,0,0,0,0,0,1,1,0.00,0.00,0.00,0.00,1.00,0.00,0.00,206,170,0.62,0.02,0.00,0.01,0.00,0.00,0.04,0.05,normal.
10,tcp,smtp,SF,698,331,0,0,0,0,0,1,0,0,0,0,0,0,0,0,0,0,1,1,0.00,0.00,0.00,0.00,1.00,0.00,0.00,243,124,0.46,0.03,0.00,0.02,0.00,0.00,0.00,0.00,normal.
0,tcp,smtp,SF,934,330,0,0,0,0,0,1,0,0,0,0,0,0,0,0,0,0,1,1,0.00,0.00,0.00,0.00,1.00,0.00,0.00,171,137,0.80,0.04,0.01,0.00,0.00,0.00,0.00,0.00,normal.
1,tcp,smtp,SF,1186,328,0,0,0,0,0,1,0,0,0,0,0,0,0,0,0,0,1,2,0.00,0.00,0.00,0.00,1.00,0.00,1.00,207,103,0.50,0.02,0.00,0.00,0.00,0.00,0.00,0.00,normal.
6,tcp,smtp,SF,1424,404,0,0,0,2,0,1,0,0,0,0,0,0,0,0,0,0,1,1,0.00,0.00,0.00,0.00,1.00,0.00,0.00,45,205,0.98,0.04,0.02,0.01,0.00,0.00,0.00,0.00,normal.
0,tcp,smtp,SF,1644,328,0,0,0,0,0,1,0,0,0,0,0,0,0,0,0,0,1,1,0.00,0.00,0.00,0.00,1.00,0.00,0.00,84,66,0.79,0.05,0.01,0.00,0.00,0.00,0.00,0.00,normal.
0,tcp,smtp,RSTO,0,0,0,0,0,0,0,0,0,0,0,0,0,0,0,0,0,0,218,15,0.00,0.00,1.00,1.00,0.07,0.06,0.00,255,15,0.06,0.07,0.00,0.00,0.00,0.00,1.00,1.00,neptune.
0,tcp,smtp,SF,3488,331,0,0,0,0,0,1,0,0,0,0,0,0,0,0,0,0,1,1,0.00,0.00,0.00,0.00,1.00,0.00,0.00,10,180,1.00,0.00,0.10,0.02,0.00,0.00,0.00,0.00,normal.
6,tcp,smtp,SF,1320,375,0,0,0,0,0,1,0,0,0,0,0,0,0,0,0,0,1,2,0.00,0.00,0.00,0.00,1.00,0.00,1.00,146,149,0.60,0.03,0.01,0.01,0.00,0.00,0.00,0.00,normal.
2,tcp,smtp,SF,1517,358,0,0,0,0,0,1,0,0,0,0,0,0,0,0,0,0,1,1,0.00,0.00,0.00,0.00,1.00,0.00,0.00,69,164,0.43,0.06,0.01,0.02,0.00,0.01,0.00,0.00,normal.
11,tcp,smtp,SF,963,333,0,0,0,0,0,1,0,0,0,0,0,0,0,0,0,0,1,2,0.00,0.00,0.00,0.00,1.00,0.00,1.00,212,193,0.71,0.01,0.00,0.01,0.00,0.00,0.00,0.00,normal.
0,tcp,smtp,SF,1565,312,0,0,0,0,0,1,0,0,0,0,1,0,0,0,0,0,1,2,0.00,0.00,0.00,0.00,1.00,0.00,1.00,255,168,0.66,0.06,0.00,0.00,0.00,0.00,0.00,0.00,normal.
0,tcp,smtp,SF,2193,330,0,0,0,0,0,1,0,0,0,0,0,0,0,0,0,0,1,1,0.00,0.00,0.00,0.00,1.00,0.00,0.00,135,183,0.78,0.04,0.01,0.01,0.00,0.00,0.00,0.00,normal.
0,tcp,smtp,SF,946,364,0,0,0,0,0,1,0,0,0,0,0,0,0,0,0,0,1,1,0.00,0.00,0.00,0.00,1.00,0.00,0.00,185,95,0.51,0.04,0.01,0.00,0.00,0.00,0.01,0.00,normal.
0,tcp,smtp,SF,872,335,0,0,0,0,0,1,0,0,0,0,0,0,0,0,0,0,1,1,0.00,0.00,0.00,0.00,1.00,0.00,0.00,106,109,0.31,0.05,0.01,0.03,0.00,0.00,0.00,0.00,normal.
0,tcp,smtp,SF,3878,324,0,0,0,0,0,1,0,0,0,0,0,0,0,0,0,0,1,1,0.00,0.00,0.00,0.00,1.00,0.00,0.00,198,122,0.62,0.07,0.01,0.00,0.01,0.00,0.00,0.00,normal.
0,tcp,smtp,SF,1071,336,0,0,0,0,0,1,0,0,0,0,0,0,0,0,0,0,1,1,0.00,0.00,0.00,0.00,1.00,0.00,0.00,36,33,0.92,0.06,0.03,0.00,0.00,0.00,0.00,0.00,normal.
3,tcp,smtp,SF,1674,327,0,0,0,0,0,1,0,0,0,0,0,0,0,0,0,0,1,2,0.00,0.00,0.00,0.00,1.00,0.00,1.00,60,68,0.78,0.08,0.02,0.03,0.00,0.00,0.00,0.00,normal.
0,tcp,smtp,SF,1236,432,0,0,0,0,0,1,0,0,0,0,0,0,0,0,0,0,1,1,0.00,0.00,0.00,0.00,1.00,0.00,0.00,107,142,0.79,0.03,0.01,0.01,0.07,0.04,0.01,0.01,normal.
0,tcp,smtp,SF,887,332,0,0,0,0,0,1,0,0,0,0,0,0,0,0,0,0,1,4,0.00,0.00,0.00,0.00,1.00,0.00,1.00,61,96,0.36,0.05,0.02,0.02,0.00,0.01,0.00,0.00,normal.
4,tcp,smtp,SF,2383,330,0,0,0,0,0,1,0,0,0,0,0,0,0,0,0,0,1,4,0.00,0.00,0.00,0.00,1.00,0.00,1.00,23,169,0.74,0.09,0.04,0.02,0.00,0.00,0.00,0.00,normal.
0,tcp,smtp,SF,753,335,0,0,0,0,0,1,0,0,0,0,2,0,0,0,0,0,1,1,0.00,0.00,0.00,0.00,1.00,0.00,0.00,255,99,0.39,0.02,0.00,0.00,0.00,0.01,0.00,0.00,normal.
0,tcp,smtp,SF,838,373,0,0,0,0,0,1,0,0,0,0,0,0,0,0,0,0,1,3,0.00,0.00,0.00,0.00,1.00,0.00,1.00,137,133,0.51,0.06,0.01,0.02,0.01,0.00,0.00,0.00,normal.
1,tcp,smtp,SF,1415,327,0,0,0,0,0,1,0,0,0,0,0,0,0,0,0,0,1,3,0.00,0.00,0.00,0.00,1.00,0.00,1.00,2,175,1.00,0.00,0.50,0.01,0.00,0.01,0.00,0.00,normal.
0,tcp,smtp,SF,658,335,0,0,0,0,0,1,0,0,0,0,0,0,0,0,0,0,1,1,0.00,0.00,0.00,0.00,1.00,0.00,0.00,210,169,0.80,0.03,0.00,0.00,0.00,0.00,0.00,0.00,normal.
7,tcp,smtp,SF,11476,1360,0,0,0,0,0,1,0,0,0,0,0,0,0,0,0,0,1,2,0.00,0.00,0.00,0.00,1.00,0.00,1.00,15,191,0.93,0.13,0.07,0.02,0.00,0.01,0.00,0.00,normal.
0,tcp,smtp,SF,762,328,0,0,0,0,0,1,0,0,0,0,0,0,0,0,0,0,1,2,0.00,0.00,0.00,0.00,1.00,0.00,1.00,81,98,0.23,0.06,0.01,0.02,0.00,0.00,0.00,0.00,normal.
4,tcp,smtp,SF,2276,332,0,0,0,0,0,1,0,0,0,0,0,0,0,0,0,0,1,3,0.00,0.00,0.00,0.00,1.00,0.00,1.00,176,118,0.45,0.03,0.01,0.02,0.00,0.00,0.00,0.00,normal.
0,tcp,smtp,SF,1265,335,0,0,0,0,0,1,0,0,0,0,0,0,0,0,0,0,1,1,0.00,0.00,0.00,0.00,1.00,0.00,0.00,119,170,0.69,0.04,0.01,0.01,0.00,0.00,0.00,0.00,normal.
2,tcp,smtp,SF,12583,1360,0,0,0,0,0,1,0,0,0,0,0,0,0,0,0,0,1,2,0.00,0.00,0.00,0.00,1.00,0.00,1.00,15,225,0.93,0.13,0.07,0.01,0.00,0.00,0.00,0.00,normal.
1,tcp,smtp,SF,1215,325,0,0,0,0,0,1,0,0,0,0,0,0,0,0,0,0,1,1,0.00,0.00,0.00,0.00,1.00,0.00,0.00,255,130,0.51,0.02,0.00,0.00,0.00,0.00,0.00,0.00,normal.
1,tcp,smtp,SF,1043,329,0,0,0,0,0,1,0,0,0,0,0,0,0,0,0,0,1,2,0.00,0.00,0.00,0.00,1.00,0.00,1.00,255,163,0.64,0.08,0.00,0.00,0.00,0.00,0.00,0.00,normal.
15,tcp,smtp,SF,1337,329,0,0,0,0,0,1,0,0,0,0,0,0,0,0,0,0,1,1,0.00,0.00,0.00,0.00,1.00,0.00,0.00,238,154,0.65,0.06,0.00,0.00,0.00,0.00,0.00,0.00,normal.
17,tcp,smtp,SF,1067,363,0,0,0,0,0,1,0,0,0,0,0,0,0,0,0,0,1,2,0.00,0.00,0.00,0.00,1.00,0.00,1.00,185,154,0.57,0.04,0.01,0.01,0.00,0.00,0.00,0.00,normal.
0,tcp,smtp,SF,1886,334,0,0,0,0,0,1,0,0,0,0,0,0,0,0,0,0,1,1,0.00,0.00,0.00,0.00,1.00,0.00,0.00,50,194,0.84,0.06,0.02,0.01,0.00,0.01,0.00,0.00,normal.
1,tcp,smtp,SF,1816,329,0,0,0,0,0,1,0,0,0,0,0,0,0,0,0,0,1,3,0.00,0.00,0.00,0.00,1.00,0.00,1.00,85,138,0.51,0.02,0.01,0.02,0.00,0.00,0.00,0.00,normal.
0,tcp,smtp,SF,992,337,0,0,0,0,0,1,0,0,0,0,0,0,0,0,0,0,1,1,0.00,0.00,0.00,0.00,1.00,0.00,0.00,56,238,0.95,0.04,0.02,0.01,0.00,0.00,0.00,0.00,normal.
0,tcp,smtp,SF,626,338,0,0,0,0,0,1,0,0,0,0,0,0,0,0,0,0,2,2,0.00,0.00,0.00,0.00,0.50,1.00,1.00,187,132,0.54,0.03,0.01,0.02,0.00,0.00,0.00,0.00,normal.
2,tcp,smtp,SF,1104,284,0,0,0,0,0,1,0,0,0,0,0,0,0,0,0,0,1,2,0.00,0.00,0.00,0.00,1.00,0.00,1.00,59,168,0.42,0.07,0.02,0.01,0.00,0.01,0.00,0.00,normal.
0,tcp,smtp,SF,1361,309,0,0,0,0,0,1,0,0,0,0,0,0,0,0,0,0,1,1,0.00,0.00,0.00,0.00,1.00,0.00,0.00,87,74,0.13,0.82,0.01,0.04,0.00,0.00,0.76,0.00,normal.
0,tcp,smtp,SF,789,329,0,0,0,0,0,1,0,0,0,0,0,0,0,0,0,0,1,1,0.00,0.00,0.00,0.00,1.00,0.00,0.00,62,183,0.87,0.08,0.02,0.01,0.00,0.00,0.00,0.00,normal.
3,tcp,smtp,SF,1378,440,0,0,0,0,0,1,0,0,0,0,0,0,0,0,0,0,1,3,0.00,0.00,0.00,0.00,1.00,0.00,1.00,107,85,0.79,0.03,0.01,0.00,0.00,0.00,0.00,0.00,normal.
0,tcp,smtp,SF,974,331,0,0,0,0,0,1,0,0,0,0,0,0,0,0,0,0,1,1,0.00,0.00,0.00,0.00,1.00,0.00,0.00,39,25,0.64,0.10,0.03,0.00,0.00,0.00,0.00,0.00,normal.
0,tcp,smtp,SF,1236,329,0,0,0,0,0,1,0,0,0,0,0,0,0,0,0,0,1,2,0.00,0.00,0.00,0.00,1.00,0.00,1.00,157,245,0.95,0.02,0.01,0.01,0.00,0.00,0.00,0.00,normal.
0,tcp,smtp,SF,1057,329,0,0,0,0,0,1,0,0,0,0,0,0,0,0,0,0,1,1,0.00,0.00,0.00,0.00,1.00,0.00,0.00,214,122,0.57,0.03,0.00,0.00,0.00,0.00,0.00,0.00,normal.
0,tcp,smtp,SF,1429,332,0,0,0,0,0,1,0,0,0,0,0,0,0,0,0,0,1,1,0.00,0.00,0.00,0.00,1.00,0.00,0.00,116,88,0.76,0.04,0.01,0.00,0.00,0.00,0.00,0.00,normal.
1,tcp,smtp,SF,2012,388,0,0,0,0,0,1,0,0,0,0,0,0,0,0,0,0,2,3,0.00,0.00,0.00,0.00,0.50,1.00,1.00,64,172,0.48,0.05,0.02,0.01,0.02,0.00,0.00,0.00,normal.
0,tcp,smtp,SF,15141,329,0,0,0,0,0,1,0,0,0,0,0,0,0,0,0,0,2,1,0.00,0.00,0.00,0.00,0.50,1.00,0.00,184,136,0.74,0.04,0.01,0.00,0.00,0.00,0.00,0.00,normal.
0,tcp,smtp,SF,1249,328,0,0,0,0,0,1,0,0,0,0,0,0,0,0,0,0,1,2,0.00,0.00,0.00,0.00,1.00,0.00,1.00,1,1,1.00,0.00,1.00,0.00,0.00,0.00,0.00,0.00,normal.
1,tcp,smtp,SF,883,335,0,0,0,0,0,1,0,0,0,0,0,0,0,0,0,0,1,4,0.00,0.00,0.00,0.00,1.00,0.00,1.00,9,150,0.89,0.22,0.11,0.01,0.00,0.01,0.00,0.00,normal.
0,tcp,smtp,SF,1857,370,0,0,0,0,0,1,0,0,0,0,0,0,0,0,0,0,1,1,0.00,0.00,0.00,0.00,1.00,0.00,0.00,93,155,0.77,0.05,0.01,0.01,0.00,0.00,0.00,0.00,normal.
1,tcp,smtp,SF,1717,337,0,0,0,0,0,1,0,0,0,0,0,0,0,0,0,0,2,2,0.00,0.00,0.00,0.00,0.50,1.00,1.00,111,150,0.48,0.05,0.01,0.01,0.00,0.00,0.00,0.00,normal.
1,tcp,smtp,SF,2111,334,0,0,0,0,0,1,0,0,0,0,0,0,0,0,0,0,1,2,0.00,0.00,0.00,0.00,1.00,0.00,1.00,75,140,0.63,0.08,0.01,0.02,0.01,0.00,0.00,0.00,normal.
0,tcp,smtp,SF,2051,330,0,0,0,0,0,1,0,0,0,0,0,0,0,0,0,0,1,1,0.00,0.00,0.00,0.00,1.00,0.00,0.00,83,124,0.66,0.05,0.01,0.02,0.00,0.00,0.00,0.01,normal.
5,tcp,smtp,SF,938,336,0,0,0,0,0,1,0,0,0,0,0,0,0,0,0,0,1,1,0.00,0.00,0.00,0.00,1.00,0.00,0.00,89,155,0.60,0.04,0.01,0.01,0.00,0.00,0.00,0.00,normal.
0,tcp,smtp,SF,593,333,0,0,0,0,0,1,0,0,0,0,0,0,0,0,0,0,1,1,0.00,0.00,0.00,0.00,1.00,0.00,0.00,234,157,0.63,0.02,0.00,0.01,0.00,0.00,0.00,0.00,normal.
0,tcp,smtp,SF,1183,334,0,0,0,0,0,1,0,0,0,0,0,0,0,0,0,0,1,2,0.00,0.00,0.00,0.00,1.00,0.00,1.00,68,139,0.38,0.10,0.01,0.02,0.00,0.00,0.00,0.00,normal.
5,tcp,smtp,SF,1738,368,0,0,0,0,0,1,0,0,0,0,0,0,0,0,0,0,1,1,0.00,0.00,0.00,0.00,1.00,0.00,0.00,69,191,0.94,0.03,0.01,0.01,0.00,0.00,0.00,0.00,normal.
0,tcp,smtp,SF,823,333,0,0,0,0,0,1,0,0,0,0,0,0,0,0,0,0,1,1,0.00,0.00,0.00,0.00,1.00,0.00,0.00,60,162,0.62,0.07,0.02,0.01,0.00,0.00,0.00,0.00,normal.
0,tcp,smtp,SF,1945,330,0,0,0,0,0,1,0,0,0,0,0,0,0,0,0,0,1,2,0.00,0.00,0.00,0.00,1.00,0.00,1.00,140,68,0.49,0.04,0.01,0.00,0.00,0.00,0.00,0.00,normal.
9,tcp,smtp,SF,1446,327,0,0,0,0,0,1,0,0,0,0,0,0,0,0,0,0,2,2,0.00,0.00,0.00,0.00,1.00,0.00,0.00,70,150,0.49,0.06,0.01,0.01,0.00,0.00,0.00,0.00,normal.
10,tcp,smtp,SF,642,330,0,0,0,0,0,1,0,0,0,0,0,0,0,0,0,0,1,2,0.00,0.00,0.00,0.00,1.00,0.00,1.00,98,47,0.48,0.05,0.01,0.00,0.00,0.00,0.00,0.00,normal.
0,tcp,smtp,SF,1229,328,0,0,0,0,0,1,0,0,0,0,0,0,0,0,0,0,1,1,0.00,0.00,0.00,0.00,1.00,0.00,0.00,186,116,0.62,0.06,0.01,0.00,0.01,0.01,0.00,0.00,normal.
0,tcp,smtp,SF,952,365,0,0,0,0,0,1,0,0,0,0,0,0,0,0,0,0,1,1,0.00,0.00,0.00,0.00,1.00,0.00,0.00,141,185,0.84,0.03,0.01,0.02,0.00,0.00,0.00,0.00,normal.
0,tcp,smtp,SF,902,436,0,0,0,0,0,1,0,0,0,0,0,0,0,0,0,0,1,3,0.00,0.00,0.00,0.00,1.00,0.00,1.00,4,135,0.50,0.75,0.25,0.02,0.00,0.00,0.00,0.00,normal.
0,tcp,smtp,SF,852,331,0,0,0,0,0,1,0,0,0,0,0,0,0,0,0,0,1,1,0.00,0.00,0.00,0.00,1.00,0.00,0.00,3,1,0.33,0.67,0.33,0.00,0.00,0.00,0.00,0.00,normal.
0,tcp,smtp,SF,1081,285,0,0,0,0,0,1,0,0,0,0,0,0,0,0,0,0,1,2,0.00,0.00,0.00,0.00,1.00,0.00,1.00,47,177,0.45,0.06,0.02,0.01,0.00,0.00,0.00,0.00,normal.
0,tcp,smtp,SF,986,331,0,0,0,0,0,1,0,0,0,0,0,0,0,0,0,0,1,3,0.00,0.00,0.00,0.00,1.00,0.00,1.00,150,143,0.34,0.02,0.01,0.01,0.00,0.00,0.00,0.00,normal.
0,tcp,smtp,SF,691,328,0,0,0,0,0,1,0,0,0,0,0,0,0,0,0,0,1,2,0.00,0.00,0.00,0.00,1.00,0.00,1.00,255,12,0.05,0.62,0.00,0.00,0.00,0.00,0.00,0.00,normal.
1,tcp,smtp,SF,2239,333,0,0,0,0,0,1,0,0,0,0,0,0,0,0,0,0,1,1,0.00,0.00,0.00,0.00,1.00,0.00,0.00,101,99,0.44,0.07,0.01,0.02,0.00,0.00,0.00,0.00,normal.
0,tcp,smtp,SF,1196,324,0,0,0,0,0,1,0,0,0,0,0,0,0,0,0,0,1,2,0.00,0.00,0.00,0.00,1.00,0.00,1.00,117,44,0.38,0.05,0.01,0.00,0.00,0.00,0.00,0.00,normal.
1,tcp,smtp,SF,1174,330,0,0,0,0,0,1,0,0,0,0,0,0,0,0,0,0,1,3,0.00,0.00,0.00,0.00,1.00,0.00,1.00,160,206,0.82,0.04,0.01,0.01,0.00,0.00,0.00,0.00,normal.
1,tcp,smtp,SF,1036,335,0,0,0,0,0,1,0,0,0,0,0,0,0,0,0,0,1,1,0.00,0.00,0.00,0.00,1.00,0.00,0.00,147,175,0.60,0.03,0.01,0.01,0.00,0.00,0.00,0.00,normal.
2,tcp,smtp,SF,1104,369,0,0,0,0,0,1,0,0,0,0,0,0,0,0,0,0,1,2,0.00,0.00,0.00,0.00,1.00,0.00,1.00,255,105,0.41,0.02,0.00,0.00,0.00,0.01,0.00,0.00,normal.
9,tcp,smtp,SF,1864,330,0,0,0,0,0,1,0,0,0,0,0,0,0,0,0,0,1,1,0.00,0.00,0.00,0.00,1.00,0.00,0.00,199,94,0.47,0.02,0.01,0.00,0.00,0.00,0.00,0.00,normal.
1,tcp,smtp,SF,935,327,0,0,0,0,0,1,0,0,0,0,0,0,0,0,0,0,1,1,0.00,0.00,0.00,0.00,1.00,0.00,0.00,39,36,0.92,0.08,0.03,0.00,0.00,0.00,0.00,0.00,normal.
2,tcp,smtp,SF,3673,326,0,0,0,0,0,1,0,0,0,0,0,0,0,0,0,0,1,2,0.00,0.00,0.00,0.00,1.00,0.00,1.00,255,122,0.48,0.01,0.00,0.00,0.00,0.00,0.00,0.00,normal.
1,tcp,smtp,SF,1164,394,0,0,0,0,0,1,0,0,0,0,0,0,0,0,0,0,1,1,0.00,0.00,0.00,0.00,1.00,0.00,0.00,40,212,0.93,0.08,0.03,0.01,0.00,0.00,0.00,0.00,normal.
0,tcp,smtp,SF,1086,332,0,0,0,0,0,1,0,0,0,0,0,0,0,0,0,0,1,1,0.00,0.00,0.00,0.00,1.00,0.00,0.00,55,186,0.80,0.07,0.02,0.01,0.00,0.01,0.00,0.00,normal.
0,tcp,smtp,SF,13548,1858,0,0,0,0,0,1,0,0,0,0,0,0,0,0,0,0,1,3,0.00,0.00,0.00,0.00,1.00,0.00,1.00,90,126,0.56,0.04,0.01,0.02,0.00,0.00,0.00,0.00,normal.
0,tcp,smtp,SF,624,325,0,0,0,0,0,1,0,0,0,0,0,0,0,0,0,0,1,1,0.00,0.00,0.00,0.00,1.00,0.00,0.00,4,143,1.00,0.00,0.25,0.02,0.00,0.00,0.00,0.01,normal.
0,tcp,smtp,SF,2370,330,0,0,0,0,0,1,0,0,0,0,0,0,0,0,0,0,1,1,0.00,0.00,0.00,0.00,1.00,0.00,0.00,201,146,0.52,0.03,0.00,0.01,0.00,0.00,0.00,0.00,normal.
0,tcp,smtp,S0,0,0,0,0,0,0,0,0,0,0,0,0,0,0,0,0,0,0,2,4,0.50,0.25,0.00,0.00,1.00,0.00,0.75,143,129,0.43,0.04,0.01,0.02,0.01,0.02,0.00,0.00,normal.
0,tcp,smtp,SF,1069,334,0,0,0,0,0,1,0,0,0,0,0,0,0,0,0,0,1,2,0.00,0.00,0.00,0.00,1.00,0.00,1.00,140,109,0.45,0.04,0.01,0.02,0.00,0.00,0.00,0.00,normal.
0,tcp,smtp,SF,1158,325,0,0,0,0,0,1,0,0,0,0,0,0,0,0,0,0,1,1,0.00,0.00,0.00,0.00,1.00,0.00,0.00,212,151,0.60,0.03,0.00,0.01,0.00,0.00,0.00,0.00,normal.
0,tcp,smtp,SF,1410,368,0,0,0,0,0,1,0,0,0,0,0,0,0,0,0,0,1,1,0.00,0.00,0.00,0.00,1.00,0.00,0.00,22,106,0.95,0.09,0.05,0.02,0.00,0.00,0.00,0.00,normal.
0,tcp,smtp,SF,2259,359,0,0,0,0,0,1,0,0,0,0,0,0,0,0,0,0,2,2,0.00,0.00,0.00,0.00,0.50,1.00,1.00,99,39,0.39,0.06,0.01,0.00,0.00,0.00,0.00,0.00,normal.
0,tcp,smtp,SF,697,329,0,0,0,0,0,1,0,0,0,0,0,0,0,0,0,0,1,1,0.00,0.00,0.00,0.00,1.00,0.00,0.00,167,104,0.62,0.03,0.01,0.00,0.00,0.00,0.00,0.00,normal.
1,tcp,smtp,SF,2000,331,0,0,0,0,0,1,0,0,0,0,0,0,0,0,0,0,1,1,0.00,0.00,0.00,0.00,1.00,0.00,0.00,255,119,0.47,0.10,0.00,0.00,0.02,0.02,0.00,0.00,normal.
0,tcp,smtp,SF,933,328,0,0,0,0,0,1,0,0,0,0,0,0,0,0,0,0,1,1,0.00,0.00,0.00,0.00,1.00,0.00,0.00,169,195,0.76,0.02,0.01,0.01,0.00,0.00,0.00,0.00,normal.
0,tcp,smtp,SF,2511,331,0,0,0,0,0,1,0,0,0,0,0,0,0,0,0,0,2,1,0.00,0.00,0.00,0.00,0.50,1.00,0.00,220,112,0.48,0.02,0.00,0.02,0.01,0.02,0.00,0.00,normal.
1,tcp,smtp,SF,1450,331,0,0,0,0,0,1,0,0,0,0,0,0,0,0,0,0,1,1,0.00,0.00,0.00,0.00,1.00,0.00,0.00,220,121,0.49,0.07,0.00,0.02,0.02,0.02,0.00,0.00,normal.
1,tcp,smtp,SF,763,331,0,0,0,0,0,1,0,0,0,0,0,0,0,0,0,0,2,1,0.00,0.00,0.00,0.00,0.50,1.00,0.00,255,131,0.51,0.03,0.00,0.00,0.00,0.00,0.00,0.00,normal.
0,tcp,smtp,SF,1522,398,0,0,0,0,0,1,0,0,0,0,0,0,0,0,0,0,1,2,0.00,0.00,0.00,0.00,1.00,0.00,1.00,255,119,0.47,0.03,0.00,0.00,0.00,0.00,0.00,0.00,normal.
3,tcp,smtp,SF,1281,339,0,0,0,0,0,1,0,0,0,0,0,0,0,0,0,0,1,1,0.00,0.00,0.00,0.00,1.00,0.00,0.00,99,194,0.74,0.04,0.01,0.01,0.00,0.00,0.00,0.00,normal.
10,tcp,smtp,SF,764,334,0,0,0,0,0,1,0,0,0,0,0,0,0,0,0,0,1,1,0.00,0.00,0.00,0.00,1.00,0.00,0.00,123,134,0.51,0.06,0.01,0.01,0.00,0.00,0.00,0.00,normal.
1,tcp,smtp,SF,3929,397,0,0,0,0,0,1,0,0,0,0,0,0,0,0,0,0,1,3,0.00,0.00,0.00,0.00,1.00,0.00,1.00,45,240,0.98,0.04,0.02,0.02,0.00,0.00,0.00,0.00,normal.
1,tcp,smtp,SF,1194,328,0,0,0,0,0,1,0,0,0,0,0,0,0,0,0,0,1,2,0.00,0.00,0.00,0.00,1.00,0.00,1.00,141,131,0.37,0.04,0.01,0.02,0.00,0.00,0.00,0.00,normal.
0,tcp,smtp,SF,1382,366,0,0,0,0,0,1,0,0,0,0,0,0,0,0,0,0,1,1,0.00,0.00,0.00,0.00,1.00,0.00,0.00,255,109,0.43,0.03,0.00,0.00,0.00,0.00,0.00,0.00,normal.
0,tcp,smtp,SF,577,331,0,0,0,0,0,1,0,0,0,0,0,0,0,0,0,0,1,1,0.00,0.00,0.00,0.00,1.00,0.00,0.00,246,180,0.70,0.02,0.00,0.01,0.00,0.00,0.00,0.00,normal.
0,tcp,smtp,SF,946,323,0,0,0,0,0,1,0,0,0,0,0,0,0,0,0,0,1,1,0.00,0.00,0.00,0.00,1.00,0.00,0.00,96,73,0.76,0.05,0.01,0.00,0.00,0.00,0.00,0.00,normal.
0,tcp,smtp,SF,765,332,0,0,0,0,0,1,0,0,0,0,0,0,0,0,0,0,1,1,0.00,0.00,0.00,0.00,1.00,0.00,0.00,122,155,0.56,0.05,0.01,0.01,0.00,0.00,0.00,0.00,normal.
0,tcp,smtp,SF,1952,332,0,0,0,0,0,1,0,0,0,0,0,0,0,0,0,0,1,1,0.00,0.00,0.00,0.00,1.00,0.00,0.00,143,131,0.66,0.05,0.01,0.02,0.01,0.01,0.01,0.00,normal.
0,tcp,smtp,SF,11512,1551,0,0,0,0,0,1,0,0,0,0,0,0,0,0,0,0,1,2,0.00,0.00,0.00,0.00,1.00,0.00,1.00,255,71,0.28,0.02,0.00,0.00,0.56,0.00,0.00,0.00,normal.
0,tcp,smtp,SF,2238,327,0,0,0,0,0,1,0,0,0,0,0,0,0,0,0,0,2,1,0.00,0.00,0.00,0.00,0.50,1.00,0.00,255,9,0.04,0.58,0.00,0.00,0.00,0.00,0.00,0.00,normal.
8,tcp,smtp,SF,1328,332,0,0,0,0,0,1,0,0,0,0,0,0,0,0,0,0,1,2,0.00,0.00,0.00,0.00,1.00,0.00,1.00,255,14,0.05,0.61,0.00,0.00,0.00,0.07,0.00,0.00,normal.
0,tcp,smtp,SF,954,329,0,0,0,0,0,1,0,0,0,0,0,0,0,0,0,0,1,1,0.00,0.00,0.00,0.00,1.00,0.00,0.00,10,165,1.00,0.00,0.10,0.01,0.00,0.00,0.00,0.00,normal.
1,tcp,smtp,SF,1275,336,0,0,0,0,0,1,0,0,0,0,0,0,0,0,0,0,1,4,0.00,0.00,0.00,0.00,1.00,0.00,1.00,102,140,0.53,0.04,0.01,0.02,0.00,0.00,0.00,0.00,normal.
1,tcp,smtp,SF,929,326,0,0,0,0,0,1,0,0,0,0,0,0,0,0,0,0,1,3,0.00,0.00,0.00,0.00,1.00,0.00,1.00,105,201,0.78,0.04,0.01,0.01,0.00,0.00,0.00,0.00,normal.
1,tcp,smtp,SF,1148,328,0,0,0,0,0,1,0,0,0,0,1,0,0,0,0,0,1,2,0.00,0.00,0.00,0.00,1.00,0.00,1.00,255,177,0.69,0.02,0.00,0.00,0.00,0.00,0.00,0.00,normal.
0,tcp,smtp,SF,903,337,0,0,0,0,0,1,0,0,0,0,0,0,0,0,0,0,1,1,0.00,0.00,0.00,0.00,1.00,0.00,0.00,36,189,0.64,0.11,0.03,0.02,0.00,0.01,0.00,0.00,normal.
2,tcp,smtp,SF,673,330,0,0,0,0,0,1,0,0,0,0,0,0,0,0,0,0,1,2,0.00,0.00,0.00,0.00,1.00,0.00,1.00,91,128,0.46,0.07,0.02,0.02,0.01,0.01,0.00,0.00,normal.
0,tcp,smtp,SF,805,328,0,0,0,0,0,1,0,0,0,0,0,0,0,0,0,0,1,1,0.00,0.00,0.00,0.00,1.00,0.00,0.00,54,25,0.46,0.09,0.02,0.00,0.00,0.00,0.00,0.00,normal.
0,tcp,smtp,SF,1064,328,0,0,0,0,0,1,0,0,0,0,1,0,0,0,0,0,1,1,0.00,0.00,0.00,0.00,1.00,0.00,0.00,85,77,0.91,0.02,0.01,0.00,0.00,0.00,0.00,0.00,normal.
1,tcp,smtp,SF,2147,328,0,0,0,0,0,1,0,0,0,0,0,0,0,0,0,0,1,4,0.00,0.00,0.00,0.00,1.00,0.00,1.00,31,132,0.61,0.16,0.03,0.02,0.00,0.00,0.00,0.00,normal.
0,tcp,smtp,SF,916,331,0,0,0,0,0,1,0,0,0,0,0,0,0,0,0,0,1,1,0.00,0.00,0.00,0.00,1.00,0.00,0.00,127,76,0.60,0.05,0.01,0.00,0.00,0.00,0.00,0.00,normal.
4,tcp,smtp,SF,902,337,0,0,0,0,0,1,0,0,0,0,0,0,0,0,0,0,1,1,0.00,0.00,0.00,0.00,1.00,0.00,0.00,152,207,0.74,0.02,0.01,0.01,0.00,0.01,0.00,0.00,normal.
0,tcp,smtp,SF,1357,335,0,0,0,0,0,1,0,0,0,0,0,0,0,0,0,0,1,3,0.00,0.00,0.00,0.00,1.00,0.00,1.00,151,118,0.49,0.05,0.01,0.02,0.00,0.00,0.00,0.00,normal.
0,tcp,smtp,SF,598,333,0,0,0,0,0,1,0,0,0,0,0,0,0,0,0,0,1,1,0.00,0.00,0.00,0.00,1.00,0.00,0.00,36,121,0.75,0.08,0.03,0.02,0.00,0.00,0.00,0.00,normal.
2,tcp,smtp,SF,2067,328,0,0,0,0,0,1,0,0,0,0,0,0,0,0,0,0,1,1,0.00,0.00,0.00,0.00,1.00,0.00,0.00,255,188,0.74,0.02,0.00,0.00,0.00,0.00,0.00,0.00,normal.
0,tcp,smtp,SF,683,330,0,0,0,0,0,1,0,0,0,0,0,0,0,0,0,0,1,1,0.00,0.00,0.00,0.00,1.00,0.00,0.00,75,118,0.53,0.07,0.01,0.02,0.00,0.00,0.00,0.00,normal.
11,tcp,smtp,SF,1622,327,0,0,0,0,0,1,0,0,0,0,0,0,0,0,0,0,1,1,0.00,0.00,0.00,0.00,1.00,0.00,0.00,78,162,0.69,0.05,0.01,0.02,0.00,0.00,0.00,0.00,normal.
2,tcp,smtp,SF,804,335,0,0,0,0,0,1,0,0,0,0,0,0,0,0,0,0,1,2,0.00,0.00,0.00,0.00,1.00,0.00,1.00,105,180,0.68,0.04,0.01,0.01,0.00,0.01,0.00,0.00,normal.
5,tcp,smtp,SF,1123,329,0,0,0,0,0,1,0,0,0,0,0,0,0,0,0,0,1,2,0.00,0.00,0.00,0.00,1.00,0.00,1.00,255,154,0.60,0.02,0.00,0.00,0.00,0.00,0.00,0.00,normal.
0,tcp,smtp,SF,1500,327,0,0,0,0,0,1,0,0,0,0,0,0,0,0,0,0,2,3,0.00,0.00,0.00,0.00,0.50,1.00,1.00,85,186,0.74,0.05,0.01,0.01,0.00,0.00,0.00,0.00,normal.
23,tcp,smtp,SF,847,331,0,0,0,0,0,1,0,0,0,0,0,0,0,0,0,0,1,1,0.00,0.00,0.00,0.00,1.00,0.00,0.00,203,132,0.65,0.02,0.00,0.00,0.00,0.00,0.00,0.00,normal.
0,tcp,smtp,SF,903,328,0,0,0,0,0,1,0,0,0,0,0,0,0,0,0,0,1,1,0.00,0.00,0.00,0.00,1.00,0.00,0.00,137,81,0.59,0.02,0.01,0.00,0.00,0.00,0.00,0.00,normal.
0,tcp,smtp,SF,2215,915,0,0,0,0,0,1,0,0,0,0,0,0,0,0,0,0,1,3,0.00,0.00,0.00,0.00,1.00,0.00,1.00,255,6,0.02,0.01,0.00,0.00,0.00,0.00,0.00,0.00,normal.
0,tcp,smtp,SF,767,335,0,0,0,0,0,1,0,0,0,0,0,0,0,0,0,0,1,1,0.00,0.00,0.00,0.00,1.00,0.00,0.00,152,200,0.85,0.02,0.01,0.01,0.00,0.00,0.00,0.00,normal.
1,tcp,smtp,SF,733,330,0,0,0,0,0,1,0,0,0,0,0,0,0,0,0,0,1,3,0.00,0.00,0.00,0.00,1.00,0.00,1.00,56,81,0.14,0.05,0.02,0.02,0.00,0.00,0.00,0.00,normal.
0,tcp,smtp,SF,724,328,0,0,0,0,0,1,0,0,0,0,0,0,0,0,0,0,1,1,0.00,0.00,0.00,0.00,1.00,0.00,0.00,255,144,0.56,0.03,0.00,0.00,0.00,0.01,0.00,0.00,normal.
0,tcp,smtp,SF,1062,327,0,0,0,0,0,1,0,0,0,0,0,0,0,0,0,0,1,1,0.00,0.00,0.00,0.00,1.00,0.00,0.00,255,120,0.47,0.02,0.00,0.00,0.00,0.00,0.00,0.00,normal.
1,tcp,smtp,SF,1036,328,0,0,0,0,0,1,0,0,0,0,0,0,0,0,0,0,1,2,0.00,0.00,0.00,0.00,1.00,0.00,1.00,111,124,0.45,0.04,0.01,0.02,0.04,0.02,0.01,0.01,normal.
0,tcp,smtp,SF,838,330,0,0,0,0,0,1,0,0,0,0,0,0,0,0,0,0,1,1,0.00,0.00,0.00,0.00,1.00,0.00,0.00,127,157,0.81,0.04,0.01,0.01,0.00,0.00,0.00,0.00,normal.
3,tcp,smtp,SF,863,373,0,0,0,0,0,1,0,0,0,0,0,0,0,0,0,0,1,3,0.00,0.00,0.00,0.00,1.00,0.00,1.00,226,171,0.67,0.02,0.00,0.01,0.00,0.00,0.00,0.00,normal.
0,tcp,smtp,SF,1488,331,0,0,0,0,0,1,0,0,0,0,0,0,0,0,0,0,1,1,0.00,0.00,0.00,0.00,1.00,0.00,0.00,28,135,0.64,0.11,0.04,0.01,0.00,0.00,0.00,0.00,normal.
0,tcp,smtp,SF,867,325,0,0,0,0,0,1,0,0,0,0,0,0,0,0,0,0,1,1,0.00,0.00,0.00,0.00,1.00,0.00,0.00,117,112,0.81,0.03,0.01,0.02,0.00,0.00,0.00,0.00,normal.
3,tcp,smtp,SF,574,282,0,0,0,0,0,1,0,0,0,0,0,0,0,0,0,0,1,1,0.00,0.00,0.00,0.00,1.00,0.00,0.00,255,166,0.65,0.03,0.00,0.00,0.00,0.01,0.00,0.00,normal.
2,tcp,smtp,SF,10626,882,0,0,0,0,0,1,0,0,0,0,0,0,0,0,0,0,1,1,0.00,0.00,0.00,0.00,1.00,0.00,0.00,93,110,0.26,0.04,0.01,0.02,0.00,0.00,0.00,0.00,normal.
0,tcp,smtp,SF,1105,369,0,0,0,0,0,1,0,0,0,0,0,0,0,0,0,0,1,1,0.00,0.00,0.00,0.00,1.00,0.00,0.00,163,116,0.71,0.03,0.01,0.00,0.00,0.00,0.00,0.00,normal.
0,tcp,smtp,SF,1182,331,0,0,0,0,0,1,0,0,0,0,0,0,0,0,0,0,1,3,0.00,0.00,0.00,0.00,1.00,0.00,1.00,39,174,0.74,0.15,0.03,0.02,0.00,0.00,0.00,0.00,normal.
1,tcp,smtp,SF,1176,328,0,0,0,0,0,1,0,0,0,0,0,0,0,0,0,0,1,4,0.00,0.00,0.00,0.00,1.00,0.00,1.00,20,185,1.00,0.00,0.05,0.02,0.00,0.00,0.00,0.00,normal.
0,tcp,smtp,SF,4186,334,0,0,0,0,0,1,0,0,0,0,0,0,0,0,0,0,1,3,0.00,0.33,0.00,0.00,1.00,0.00,0.67,97,73,0.75,0.05,0.01,0.00,0.01,0.01,0.00,0.00,normal.
3,tcp,smtp,SF,1484,340,0,0,0,0,0,1,0,0,0,0,0,0,0,0,0,0,1,1,0.00,0.00,0.00,0.00,1.00,0.00,0.00,16,103,0.94,0.12,0.06,0.02,0.00,0.00,0.00,0.00,normal.
0,tcp,smtp,SF,1393,335,0,0,0,0,0,1,0,0,0,0,0,0,0,0,0,0,1,1,0.00,0.00,0.00,0.00,1.00,0.00,0.00,187,141,0.67,0.03,0.01,0.01,0.00,0.00,0.00,0.00,normal.
0,tcp,smtp,SF,881,332,0,0,0,0,0,1,0,0,0,0,0,0,0,0,0,0,1,1,0.00,0.00,0.00,0.00,1.00,0.00,0.00,105,166,0.70,0.05,0.01,0.01,0.00,0.00,0.00,0.00,normal.
1,tcp,smtp,SF,1536,331,0,0,0,0,0,1,0,0,0,0,0,0,0,0,0,0,1,1,0.00,0.00,0.00,0.00,1.00,0.00,0.00,64,77,0.62,0.05,0.02,0.03,0.00,0.00,0.00,0.00,normal.
0,tcp,smtp,SF,748,323,0,0,0,0,0,1,0,0,0,0,0,0,0,0,0,0,1,1,0.00,0.00,0.00,0.00,1.00,0.00,0.00,165,177,0.78,0.03,0.01,0.02,0.01,0.01,0.00,0.00,normal.
10,tcp,smtp,SF,2180,407,0,0,0,0,0,1,0,0,0,0,0,0,0,0,0,0,1,2,0.00,0.00,0.00,0.00,1.00,0.00,1.00,174,146,0.53,0.03,0.01,0.01,0.00,0.00,0.00,0.00,normal.
0,tcp,smtp,SF,1479,328,0,0,0,0,0,1,0,0,0,0,0,0,0,0,0,0,2,1,0.00,0.00,0.00,0.00,0.50,1.00,0.00,21,76,0.19,0.24,0.05,0.03,0.00,0.00,0.00,0.00,normal.
1,tcp,smtp,SF,1214,333,0,0,0,0,0,1,0,0,0,0,0,0,0,0,0,0,1,4,0.00,0.00,0.00,0.00,1.00,0.00,1.00,255,97,0.38,0.08,0.00,0.00,0.02,0.00,0.00,0.00,normal.
0,tcp,smtp,SF,839,330,0,0,0,0,0,1,0,0,0,0,0,0,0,0,0,0,1,3,0.00,0.00,0.00,0.00,1.00,0.00,1.00,35,121,0.74,0.06,0.03,0.02,0.00,0.00,0.00,0.00,normal.
30,tcp,smtp,SF,1697,331,0,0,0,0,0,1,0,0,0,0,0,0,0,0,0,0,1,1,0.00,0.00,0.00,0.00,1.00,0.00,0.00,158,104,0.66,0.03,0.01,0.00,0.00,0.00,0.00,0.00,normal.
1,tcp,smtp,SF,1024,334,0,0,0,0,0,1,0,0,0,0,0,0,0,0,0,0,1,2,0.00,0.00,0.00,0.00,1.00,0.00,1.00,30,163,0.33,0.07,0.03,0.01,0.00,0.00,0.00,0.00,normal.
15,tcp,smtp,SF,106502,331,0,0,0,0,0,1,0,0,0,0,0,0,0,0,0,0,1,1,0.00,0.00,0.00,0.00,1.00,0.00,0.00,57,55,0.96,0.05,0.02,0.00,0.00,0.00,0.04,0.04,normal.
7,tcp,smtp,SF,1026,328,0,0,0,0,0,1,0,0,0,0,0,0,0,0,0,0,1,1,0.00,0.00,0.00,0.00,1.00,0.00,0.00,130,92,0.71,0.03,0.01,0.00,0.00,0.00,0.00,0.00,normal.
0,tcp,smtp,SF,720,330,0,0,0,0,0,1,0,0,0,0,0,0,0,0,0,0,1,2,0.00,0.00,0.00,0.00,1.00,0.00,1.00,255,159,0.62,0.03,0.00,0.00,0.00,0.01,0.00,0.00,normal.
0,tcp,smtp,SF,1689,324,0,0,0,0,0,1,0,0,0,0,0,0,0,0,0,0,1,1,0.00,0.00,0.00,0.00,1.00,0.00,0.00,39,16,0.41,0.08,0.03,0.00,0.00,0.00,0.00,0.00,normal.
0,tcp,smtp,SF,1480,335,0,0,0,0,0,1,0,0,0,0,0,0,0,0,0,0,1,1,0.00,0.00,0.00,0.00,1.00,0.00,0.00,149,134,0.48,0.03,0.01,0.01,0.00,0.00,0.00,0.00,normal.
0,tcp,smtp,SF,2246,335,0,0,0,0,0,1,0,0,0,0,0,0,0,0,0,0,1,2,0.00,0.00,0.00,0.00,1.00,0.00,1.00,255,113,0.44,0.03,0.00,0.00,0.01,0.02,0.00,0.00,normal.
1,tcp,smtp,SF,1293,335,0,0,0,0,0,1,0,0,0,0,0,0,0,0,0,0,1,2,0.00,0.00,0.00,0.00,1.00,0.00,1.00,123,128,0.61,0.03,0.01,0.02,0.00,0.00,0.00,0.00,normal.
0,tcp,smtp,SF,1074,329,0,0,0,0,0,1,0,0,0,0,0,0,0,0,0,0,1,3,0.00,0.00,0.00,0.00,1.00,0.00,1.00,243,153,0.63,0.02,0.00,0.00,0.00,0.00,0.00,0.00,normal.
7,tcp,smtp,SF,1222,331,0,0,0,0,0,1,0,0,0,0,0,0,0,0,0,0,1,1,0.00,0.00,0.00,0.00,1.00,0.00,0.00,77,67,0.87,0.04,0.01,0.00,0.00,0.00,0.00,0.00,normal.
0,tcp,smtp,SF,1487,335,0,0,0,0,0,1,0,0,0,0,0,0,0,0,0,0,1,2,0.00,0.00,0.00,0.00,1.00,0.00,1.00,187,87,0.34,0.03,0.01,0.02,0.00,0.00,0.00,0.00,normal.
4,tcp,smtp,SF,666,335,0,0,0,0,0,1,0,0,0,0,0,0,0,0,0,0,1,1,0.00,0.00,0.00,0.00,1.00,0.00,0.00,22,210,0.68,0.14,0.05,0.01,0.00,0.00,0.00,0.00,normal.
1,tcp,smtp,SF,1308,334,0,0,0,0,0,1,0,0,0,0,0,0,0,0,0,0,1,1,0.00,0.00,0.00,0.00,1.00,0.00,0.00,102,157,0.55,0.06,0.01,0.01,0.00,0.00,0.00,0.00,normal.
1,tcp,smtp,SF,2067,338,0,0,0,0,0,1,0,0,0,0,0,0,0,0,0,0,1,2,0.00,0.00,0.00,0.00,1.00,0.00,1.00,180,116,0.38,0.04,0.01,0.02,0.01,0.01,0.00,0.00,normal.
0,tcp,smtp,SF,682,329,0,0,0,0,0,1,0,0,0,0,0,0,0,0,0,0,1,1,0.00,0.00,0.00,0.00,1.00,0.00,0.00,183,127,0.68,0.03,0.01,0.02,0.00,0.00,0.00,0.00,normal.
1,tcp,smtp,SF,2579,372,0,0,0,0,0,1,0,0,0,0,0,0,0,0,0,0,1,2,0.00,0.00,0.00,0.00,1.00,0.00,1.00,22,194,0.95,0.09,0.05,0.02,0.00,0.00,0.00,0.00,normal.
0,tcp,smtp,SF,6260,322,0,0,0,0,0,1,0,0,0,0,0,0,0,0,0,0,1,2,0.00,0.00,0.00,0.00,1.00,0.00,1.00,201,132,0.52,0.02,0.00,0.02,0.00,0.00,0.00,0.00,normal.
2,tcp,smtp,SF,976,328,0,0,0,0,0,1,0,0,0,0,0,0,0,0,0,0,1,2,0.00,0.00,0.00,0.00,1.00,0.00,1.00,51,147,0.65,0.06,0.02,0.02,0.00,0.00,0.00,0.00,normal.
2,tcp,smtp,SF,971,367,0,0,0,0,0,1,0,0,0,0,0,0,0,0,0,0,1,1,0.00,0.00,0.00,0.00,1.00,0.00,0.00,119,192,0.85,0.03,0.01,0.01,0.00,0.00,0.00,0.00,normal.
0,tcp,smtp,SF,721,331,0,0,0,0,0,1,0,0,0,0,0,0,0,0,0,0,1,1,0.00,0.00,0.00,0.00,1.00,0.00,0.00,106,75,0.71,0.05,0.01,0.00,0.00,0.00,0.00,0.00,normal.
0,tcp,smtp,SF,849,330,0,0,0,0,0,1,0,0,0,0,0,0,0,0,0,0,1,1,0.00,0.00,0.00,0.00,1.00,0.00,0.00,14,160,0.86,0.14,0.07,0.02,0.00,0.00,0.00,0.00,normal.
10,tcp,smtp,SF,875,331,0,0,0,0,0,1,0,0,0,0,0,0,0,0,0,0,1,1,0.00,0.00,0.00,0.00,1.00,0.00,0.00,51,150,0.65,0.12,0.02,0.01,0.00,0.00,0.00,0.00,normal.
0,tcp,smtp,SF,1117,330,0,0,0,0,0,1,0,0,0,0,0,0,0,0,0,0,1,1,0.00,0.00,0.00,0.00,1.00,0.00,0.00,89,175,0.78,0.03,0.01,0.01,0.00,0.00,0.00,0.00,normal.
0,tcp,smtp,SF,1158,362,0,0,0,0,0,1,0,0,0,0,0,0,0,0,0,0,1,1,0.00,0.00,0.00,0.00,1.00,0.00,0.00,4,148,1.00,0.00,0.25,0.01,0.00,0.00,0.00,0.00,normal.
0,tcp,smtp,SF,824,329,0,0,0,0,0,1,0,0,0,0,0,0,0,0,0,0,1,1,0.00,0.00,0.00,0.00,1.00,0.00,0.00,29,180,0.83,0.10,0.03,0.01,0.00,0.00,0.00,0.00,normal.
0,tcp,smtp,SF,1140,322,0,0,0,0,0,1,0,0,0,0,0,0,0,0,0,0,1,1,0.00,0.00,0.00,0.00,1.00,0.00,0.00,31,16,0.52,0.16,0.03,0.00,0.00,0.00,0.00,0.00,normal.
1,tcp,smtp,SF,1581,378,0,0,0,0,0,1,0,0,0,0,0,0,0,0,0,0,1,3,0.00,0.00,0.00,0.00,1.00,0.00,1.00,75,240,0.89,0.05,0.01,0.01,0.00,0.00,0.00,0.00,normal.
7,tcp,smtp,SF,1002,333,0,0,0,0,0,1,0,0,0,0,0,0,0,0,0,0,1,1,0.00,0.00,0.00,0.00,1.00,0.00,0.00,97,188,0.77,0.04,0.01,0.01,0.00,0.00,0.00,0.00,normal.
4,tcp,smtp,SF,973,333,0,0,0,0,0,1,0,0,0,0,0,0,0,0,0,0,1,2,0.00,0.00,0.00,0.00,1.00,0.00,1.00,176,183,0.79,0.02,0.01,0.01,0.00,0.00,0.00,0.00,normal.
2,tcp,smtp,SF,1955,330,0,0,0,0,0,1,0,0,0,0,0,0,0,0,0,0,1,3,0.00,0.00,0.00,0.00,1.00,0.00,1.00,44,149,0.73,0.07,0.02,0.02,0.02,0.01,0.00,0.00,normal.
1,tcp,smtp,SF,1766,335,0,0,0,0,0,1,0,0,0,0,0,0,0,0,0,0,1,3,0.00,0.00,0.00,0.00,1.00,0.00,1.00,114,239,0.95,0.02,0.01,0.01,0.00,0.00,0.00,0.00,normal.
1,tcp,smtp,SF,1348,339,0,0,0,0,0,1,0,0,0,0,0,0,0,0,0,0,1,3,0.00,0.00,0.00,0.00,1.00,0.00,1.00,183,154,0.50,0.02,0.01,0.01,0.00,0.00,0.00,0.00,normal.
0,tcp,smtp,SF,618,329,0,0,0,0,0,1,0,0,0,0,0,0,0,0,0,0,1,1,0.00,0.00,0.00,0.00,1.00,0.00,0.00,25,181,0.72,0.16,0.04,0.02,0.00,0.00,0.00,0.00,normal.
0,tcp,smtp,SF,781,333,0,0,0,0,0,1,0,0,0,0,0,0,0,0,0,0,1,1,0.00,0.00,0.00,0.00,1.00,0.00,0.00,164,155,0.64,0.03,0.01,0.01,0.00,0.00,0.00,0.00,normal.
3,tcp,smtp,SF,12719,1434,0,0,0,0,0,1,0,0,0,0,0,0,0,0,0,0,1,2,0.00,0.00,0.00,0.00,1.00,0.00,1.00,27,124,1.00,0.00,0.04,0.02,0.00,0.00,0.00,0.00,normal.
2,tcp,smtp,SF,1976,411,0,0,0,0,0,1,0,0,0,0,0,0,0,0,0,0,1,2,0.00,0.00,0.00,0.00,1.00,0.00,1.00,163,182,0.82,0.04,0.01,0.01,0.00,0.00,0.00,0.00,normal.
0,tcp,smtp,SF,1188,338,0,0,0,0,0,1,0,0,0,0,0,0,0,0,0,0,1,2,0.00,0.00,0.00,0.00,1.00,0.00,1.00,72,133,0.32,0.03,0.01,0.02,0.00,0.00,0.00,0.00,normal.
0,tcp,smtp,SF,2334,549,0,0,0,0,0,1,0,0,0,0,0,0,0,0,0,0,1,1,0.00,0.00,0.00,0.00,1.00,0.00,0.00,40,183,0.95,0.05,0.03,0.03,0.00,0.00,0.00,0.00,normal.
0,tcp,smtp,SF,1928,325,0,0,0,0,0,1,0,0,0,0,0,0,0,0,0,0,1,1,0.00,0.00,0.00,0.00,1.00,0.00,0.00,77,140,0.60,0.04,0.01,0.01,0.00,0.00,0.00,0.00,normal.
0,tcp,smtp,SF,954,278,0,0,0,0,0,1,0,0,0,0,0,0,0,0,0,0,1,1,0.00,0.00,0.00,0.00,1.00,0.00,0.00,255,193,0.76,0.02,0.00,0.00,0.00,0.00,0.00,0.00,normal.
0,tcp,smtp,SF,1678,283,0,0,0,0,0,1,0,0,0,0,0,0,0,0,0,0,1,1,0.00,0.00,0.00,0.00,1.00,0.00,0.00,60,169,0.73,0.07,0.02,0.01,0.00,0.00,0.00,0.00,normal.
0,tcp,smtp,SF,614,280,0,0,0,0,0,1,0,0,0,0,0,0,0,0,0,0,1,1,0.00,0.00,0.00,0.00,1.00,0.00,0.00,99,167,0.74,0.04,0.01,0.02,0.01,0.01,0.00,0.00,normal.
2,tcp,smtp,SF,2142,331,0,0,0,0,0,1,0,0,0,0,0,0,0,0,0,0,1,1,0.00,0.00,0.00,0.00,1.00,0.00,0.00,106,164,0.44,0.03,0.01,0.02,0.00,0.00,0.00,0.00,normal.
0,tcp,smtp,SF,1888,387,0,0,0,0,0,1,0,0,0,0,0,0,0,0,0,0,1,4,0.00,0.00,0.00,0.00,1.00,0.00,1.00,170,137,0.39,0.02,0.01,0.01,0.00,0.00,0.00,0.00,normal.
1,tcp,smtp,SF,2464,334,0,0,0,0,0,1,0,0,0,0,0,0,0,0,0,0,1,2,0.00,0.00,0.00,0.00,1.00,0.00,1.00,91,170,0.51,0.03,0.01,0.02,0.01,0.02,0.00,0.01,normal.
1,tcp,smtp,SF,1891,332,0,0,0,0,0,1,0,0,0,0,0,0,0,0,0,0,1,2,0.00,0.00,0.00,0.00,1.00,0.00,1.00,122,168,0.75,0.08,0.01,0.01,0.02,0.01,0.00,0.00,normal.
2,tcp,smtp,SF,919,333,0,0,0,0,0,1,0,0,0,0,0,0,0,0,0,0,1,2,0.00,0.00,0.00,0.00,1.00,0.00,1.00,146,146,0.60,0.02,0.01,0.01,0.01,0.00,0.00,0.00,normal.
1,tcp,smtp,SF,1287,333,0,0,0,0,0,1,0,0,0,0,0,0,0,0,0,0,1,2,0.00,0.00,0.00,0.00,1.00,0.00,1.00,109,58,0.53,0.04,0.01,0.00,0.00,0.00,0.00,0.00,normal.
3,tcp,smtp,SF,1068,363,0,0,0,0,0,1,0,0,0,0,0,0,0,0,0,0,1,2,0.00,0.00,0.00,0.00,1.00,0.00,1.00,45,145,0.33,0.07,0.02,0.01,0.00,0.00,0.00,0.00,normal.
1,tcp,smtp,SF,934,329,0,0,0,0,0,1,0,0,0,0,0,0,0,0,0,0,1,2,0.00,0.00,0.00,0.00,1.00,0.00,1.00,34,133,0.85,0.12,0.03,0.02,0.03,0.01,0.00,0.00,normal.
0,tcp,smtp,SF,1452,335,0,0,0,0,0,1,0,0,0,0,0,0,0,0,0,0,1,1,0.00,0.00,0.00,0.00,1.00,0.00,0.00,232,162,0.62,0.03,0.00,0.01,0.00,0.00,0.00,0.00,normal.
0,tcp,smtp,SF,1139,331,0,0,0,0,0,1,0,0,0,0,0,0,0,0,0,0,1,1,0.00,0.00,0.00,0.00,1.00,0.00,0.00,13,205,0.69,0.23,0.08,0.01,0.00,0.00,0.00,0.00,normal.
1,tcp,smtp,SF,1141,334,0,0,0,0,0,1,0,0,0,0,0,0,0,0,0,0,1,2,0.00,0.00,0.00,0.00,1.00,0.00,1.00,103,167,0.79,0.04,0.01,0.01,0.00,0.00,0.00,0.00,normal.
1,tcp,smtp,SF,1137,329,0,0,0,0,0,1,0,0,0,0,0,0,0,0,0,0,1,1,0.00,0.00,0.00,0.00,1.00,0.00,0.00,201,124,0.55,0.03,0.00,0.02,0.00,0.00,0.00,0.00,normal.
0,tcp,smtp,SF,615,476,0,0,0,0,0,1,0,0,0,0,0,0,0,0,0,0,1,2,0.00,0.00,0.00,0.00,1.00,0.00,1.00,255,13,0.05,0.01,0.00,0.00,0.00,0.00,0.00,0.08,normal.
0,tcp,smtp,SF,1125,386,0,0,0,0,0,1,0,0,0,0,0,0,0,0,0,0,2,3,0.00,0.00,0.00,0.00,1.00,0.00,0.67,255,102,0.40,0.04,0.00,0.00,0.18,0.00,0.02,0.00,normal.
0,tcp,smtp,S0,0,0,0,0,0,0,0,0,0,0,0,0,0,0,0,0,0,0,236,19,1.00,1.00,0.00,0.00,0.08,0.05,0.00,255,19,0.07,0.05,0.00,0.00,1.00,1.00,0.00,0.00,neptune.
1,tcp,smtp,SF,1352,329,0,0,0,0,0,1,0,0,0,0,0,0,0,0,0,0,1,2,0.00,0.00,0.00,0.00,1.00,0.00,1.00,167,114,0.68,0.04,0.01,0.00,0.01,0.01,0.00,0.00,normal.
0,tcp,smtp,SF,864,327,0,0,0,0,0,1,0,0,0,0,0,0,0,0,0,0,1,1,0.00,0.00,0.00,0.00,1.00,0.00,0.00,46,139,0.74,0.09,0.02,0.01,0.00,0.00,0.00,0.00,normal.
0,tcp,smtp,SF,3714,393,0,0,0,0,0,1,0,0,0,0,0,0,0,0,0,0,1,1,0.00,0.00,0.00,0.00,1.00,0.00,0.00,12,86,0.75,0.17,0.08,0.05,0.00,0.00,0.00,0.00,normal.
1,tcp,smtp,SF,654,330,0,0,0,0,0,1,0,0,0,0,0,0,0,0,0,0,1,1,0.00,0.00,0.00,0.00,1.00,0.00,0.00,145,188,0.69,0.03,0.01,0.01,0.00,0.01,0.00,0.00,normal.
0,tcp,smtp,SF,1782,411,0,0,0,0,0,1,0,0,0,0,0,0,0,0,0,0,1,1,0.00,0.00,0.00,0.00,1.00,0.00,0.00,88,236,0.91,0.03,0.01,0.01,0.00,0.00,0.00,0.00,normal.
3,tcp,smtp,SF,1105,327,0,0,0,0,0,1,0,0,0,0,0,0,0,0,0,0,1,2,0.00,0.00,0.00,0.00,1.00,0.00,1.00,173,134,0.58,0.03,0.01,0.01,0.01,0.00,0.00,0.00,normal.
1,tcp,smtp,SF,2520,362,0,0,0,0,0,1,0,0,0,0,0,0,0,0,0,0,1,2,0.00,0.00,0.00,0.00,1.00,0.00,1.00,255,150,0.59,0.02,0.00,0.00,0.00,0.01,0.00,0.00,normal.
4,tcp,smtp,SF,2553,330,0,0,0,0,0,1,0,0,0,0,0,0,0,0,0,0,1,1,0.00,0.00,0.00,0.00,1.00,0.00,0.00,48,46,0.96,0.04,0.02,0.00,0.00,0.00,0.00,0.00,normal.
0,tcp,smtp,SF,1178,362,0,0,0,0,0,1,0,0,0,0,0,0,0,0,0,0,1,1,0.00,0.00,0.00,0.00,1.00,0.00,0.00,255,126,0.49,0.06,0.00,0.00,0.02,0.02,0.00,0.00,normal.
3,tcp,smtp,SF,1942,362,0,0,0,0,0,1,0,0,0,0,0,0,0,0,0,0,1,1,0.00,0.00,0.00,0.00,1.00,0.00,0.00,54,172,0.80,0.07,0.02,0.01,0.00,0.00,0.00,0.00,normal.
0,tcp,smtp,SF,816,327,0,0,0,0,0,1,0,0,0,0,0,0,0,0,0,0,1,1,0.00,0.00,0.00,0.00,1.00,0.00,0.00,255,23,0.09,0.53,0.00,0.00,0.00,0.00,0.00,0.00,normal.
0,tcp,smtp,SF,847,331,0,0,0,0,0,1,0,0,0,0,0,0,0,0,0,0,1,1,0.00,0.00,0.00,0.00,1.00,0.00,0.00,70,192,0.89,0.06,0.01,0.01,0.00,0.00,0.00,0.00,normal.
0,tcp,smtp,SF,889,336,0,0,0,0,0,1,0,0,0,0,0,0,0,0,0,0,1,1,0.00,0.00,0.00,0.00,1.00,0.00,0.00,103,130,0.46,0.07,0.01,0.02,0.00,0.00,0.00,0.00,normal.
0,tcp,smtp,S0,0,0,0,0,0,0,0,0,0,0,0,0,0,0,0,0,0,0,198,6,1.00,1.00,0.00,0.00,0.03,0.08,0.00,255,6,0.02,0.08,0.00,0.00,1.00,1.00,0.00,0.00,neptune.
0,tcp,smtp,SF,913,327,0,0,0,0,0,1,0,0,0,0,0,0,0,0,0,0,1,1,0.00,0.00,0.00,0.00,1.00,0.00,0.00,40,36,0.73,0.10,0.03,0.06,0.00,0.00,0.00,0.00,normal.
30,tcp,smtp,SF,675,329,0,0,0,0,0,1,0,0,0,0,0,0,0,0,0,0,1,3,0.00,0.00,0.00,0.00,1.00,0.00,1.00,121,129,0.52,0.02,0.01,0.02,0.00,0.00,0.00,0.00,normal.
0,tcp,smtp,SF,1263,489,0,0,0,0,0,1,0,0,0,0,0,0,0,0,0,0,1,4,0.00,0.00,0.00,0.00,1.00,0.00,1.00,127,160,0.56,0.03,0.01,0.01,0.00,0.00,0.02,0.00,normal.
10,tcp,smtp,SF,1622,327,0,0,0,0,0,1,0,0,0,0,0,0,0,0,0,0,1,2,0.00,0.00,0.00,0.00,1.00,0.00,1.00,91,132,0.45,0.03,0.01,0.02,0.00,0.00,0.00,0.00,normal.
0,tcp,smtp,SF,2557,329,0,0,0,0,0,1,0,0,0,0,0,0,0,0,0,0,1,1,0.00,0.00,0.00,0.00,1.00,0.00,0.00,73,53,0.64,0.07,0.01,0.04,0.00,0.00,0.00,0.00,normal.
2,tcp,smtp,SF,982,326,0,0,0,0,0,1,0,0,0,0,0,0,0,0,0,0,1,1,0.00,0.00,0.00,0.00,1.00,0.00,0.00,61,153,0.89,0.08,0.02,0.01,0.00,0.00,0.00,0.00,normal.
0,tcp,smtp,SF,4130,338,0,0,0,0,0,1,0,0,0,0,0,0,0,0,0,0,1,1,0.00,0.00,0.00,0.00,1.00,0.00,0.00,216,177,0.66,0.01,0.00,0.01,0.00,0.01,0.00,0.00,normal.
1,tcp,smtp,SF,911,333,0,0,0,0,0,1,0,0,0,0,0,0,0,0,0,0,1,2,0.00,0.00,0.00,0.00,1.00,0.00,1.00,47,141,0.45,0.09,0.02,0.01,0.00,0.01,0.00,0.00,normal.
0,tcp,smtp,SF,770,328,0,0,0,0,0,1,0,0,0,0,0,0,0,0,0,0,1,2,0.00,0.00,0.00,0.00,1.00,0.00,1.00,188,102,0.54,0.03,0.01,0.00,0.00,0.00,0.00,0.00,normal.
4,tcp,smtp,SF,1350,367,0,0,0,0,0,1,0,0,0,0,0,0,0,0,0,0,1,2,0.00,0.00,0.00,0.00,1.00,0.00,1.00,92,134,0.70,0.04,0.01,0.01,0.00,0.00,0.00,0.00,normal.
6,tcp,smtp,SF,1408,337,0,0,0,0,0,1,0,0,0,0,0,0,0,0,0,0,1,3,0.00,0.00,0.00,0.00,1.00,0.00,1.00,224,165,0.62,0.02,0.00,0.01,0.00,0.00,0.00,0.00,normal.
0,tcp,smtp,SF,598,331,0,0,0,0,0,1,0,0,0,0,0,0,0,0,0,0,1,1,0.00,0.00,0.00,0.00,1.00,0.00,0.00,113,171,0.66,0.04,0.01,0.01,0.00,0.00,0.02,0.05,normal.
0,tcp,smtp,SF,2145,332,0,0,0,0,0,1,0,0,0,0,0,0,0,0,0,0,1,1,0.00,0.00,0.00,0.00,1.00,0.00,0.00,73,201,0.95,0.04,0.01,0.01,0.00,0.00,0.00,0.00,normal.
45,tcp,smtp,SF,1316,333,0,0,0,0,0,1,0,0,0,0,0,0,0,0,0,0,1,1,0.00,0.00,0.00,0.00,1.00,0.00,0.00,126,183,0.63,0.02,0.01,0.01,0.01,0.01,0.00,0.00,normal.
4,tcp,smtp,SF,1383,333,0,0,0,0,0,1,0,0,0,0,0,0,0,0,0,0,1,4,0.00,0.00,0.00,0.00,1.00,0.00,1.00,35,146,0.80,0.09,0.03,0.01,0.00,0.00,0.00,0.00,normal.
1,tcp,smtp,SF,905,327,0,0,0,0,0,1,0,0,0,0,0,0,0,0,0,0,1,2,0.00,0.00,0.00,0.00,1.00,0.00,1.00,40,174,0.98,0.05,0.03,0.02,0.00,0.00,0.00,0.00,normal.
2,tcp,smtp,SF,2194,336,0,0,0,0,0,1,0,0,0,0,1,0,0,0,0,0,1,1,0.00,0.00,0.00,0.00,1.00,0.00,0.00,17,60,0.94,0.12,0.06,0.03,0.00,0.00,0.00,0.00,normal.
1,tcp,smtp,SF,765,327,0,0,0,0,0,1,0,0,0,0,0,0,0,0,0,0,1,2,0.00,0.00,0.00,0.00,1.00,0.00,1.00,26,174,0.88,0.08,0.04,0.02,0.00,0.00,0.00,0.00,normal.
4,tcp,smtp,SF,2130,337,0,0,0,0,0,1,0,0,0,0,0,0,0,0,0,0,1,2,0.00,0.00,0.00,0.00,1.00,0.00,1.00,208,187,0.70,0.01,0.00,0.01,0.00,0.00,0.00,0.00,normal.
0,tcp,smtp,SF,798,329,0,0,0,0,0,1,0,0,0,0,0,0,0,0,0,0,1,1,0.00,0.00,0.00,0.00,1.00,0.00,0.00,234,172,0.67,0.01,0.00,0.01,0.00,0.00,0.00,0.00,normal.
4,tcp,smtp,SF,1618,365,0,0,0,0,0,1,0,0,0,0,0,0,0,0,0,0,1,1,0.00,0.00,0.00,0.00,1.00,0.00,0.00,43,106,0.47,0.09,0.02,0.02,0.00,0.00,0.00,0.01,normal.
0,tcp,smtp,SF,1659,333,0,0,0,0,0,1,0,0,0,0,0,0,0,0,0,0,1,1,0.00,0.00,0.00,0.00,1.00,0.00,0.00,105,187,0.75,0.04,0.01,0.01,0.00,0.00,0.00,0.00,normal.
0,tcp,smtp,SF,1437,334,0,0,0,0,0,1,0,0,0,0,0,0,1,0,0,0,1,2,0.00,0.00,0.00,0.00,1.00,0.00,1.00,155,149,0.63,0.03,0.01,0.01,0.00,0.00,0.00,0.00,normal.
15,tcp,smtp,SF,645,334,0,0,0,0,0,1,0,0,0,0,0,0,0,0,0,0,1,1,0.00,0.00,0.00,0.00,1.00,0.00,0.00,159,116,0.45,0.04,0.01,0.02,0.00,0.00,0.00,0.00,normal.
2,tcp,smtp,SF,1764,330,0,0,0,0,0,1,0,0,0,0,0,0,0,0,0,0,1,2,0.00,0.00,0.00,0.00,1.00,0.00,1.00,167,173,0.65,0.04,0.01,0.01,0.00,0.00,0.00,0.00,normal.
0,tcp,smtp,SF,1164,279,0,0,0,0,0,1,0,0,0,0,0,0,0,0,0,0,1,1,0.00,0.00,0.00,0.00,1.00,0.00,0.00,227,187,0.74,0.02,0.00,0.01,0.00,0.00,0.00,0.00,normal.
8,tcp,smtp,SF,1117,367,0,0,0,0,0,1,0,0,0,0,0,0,0,0,0,0,1,2,0.00,0.00,0.00,0.00,1.00,0.00,1.00,105,85,0.81,0.04,0.01,0.00,0.00,0.00,0.00,0.00,normal.
0,tcp,smtp,SF,1362,338,0,0,0,0,0,1,0,0,0,0,0,0,0,0,0,0,1,1,0.00,0.00,0.00,0.00,1.00,0.00,0.00,145,106,0.66,0.03,0.01,0.02,0.00,0.01,0.00,0.00,normal.
2,tcp,smtp,SF,1349,360,0,0,0,0,0,1,0,0,0,0,0,0,0,0,0,0,1,2,0.00,0.00,0.00,0.00,1.00,0.00,1.00,145,94,0.65,0.03,0.01,0.00,0.01,0.00,0.00,0.00,normal.
0,tcp,smtp,SF,961,342,0,0,0,0,0,1,0,0,0,0,0,0,0,0,0,0,1,1,0.00,0.00,0.00,0.00,1.00,0.00,0.00,251,145,0.56,0.02,0.00,0.01,0.00,0.00,0.04,0.03,normal.
0,tcp,smtp,SF,845,325,0,0,0,0,0,1,0,0,0,0,0,0,0,0,0,0,1,1,0.00,0.00,0.00,0.00,1.00,0.00,0.00,141,222,0.87,0.03,0.01,0.01,0.00,0.00,0.01,0.03,normal.
1,tcp,smtp,SF,1173,370,0,0,0,0,0,1,0,0,0,0,0,0,0,0,0,0,1,1,0.00,0.00,0.00,0.00,1.00,0.00,0.00,21,164,0.67,0.14,0.05,0.01,0.00,0.00,0.00,0.00,normal.
10,tcp,smtp,SF,1479,330,0,0,0,0,0,1,0,0,0,0,0,0,0,0,0,0,1,1,0.00,0.00,0.00,0.00,1.00,0.00,0.00,57,219,0.88,0.05,0.02,0.01,0.00,0.00,0.00,0.00,normal.
0,tcp,smtp,SF,1567,337,0,0,0,0,0,1,0,0,0,0,0,0,0,0,0,0,2,1,0.00,0.00,0.00,0.00,0.50,1.00,0.00,89,179,0.73,0.04,0.01,0.01,0.00,0.00,0.00,0.00,normal.
6,tcp,smtp,SF,989,332,0,0,0,0,0,1,0,0,0,0,0,0,0,0,0,0,2,1,0.00,0.00,0.00,0.00,0.50,1.00,0.00,181,169,0.76,0.03,0.01,0.01,0.00,0.00,0.00,0.00,normal.
2,tcp,smtp,SF,2255,332,0,0,0,0,0,1,0,0,0,0,0,0,0,0,0,0,1,3,0.00,0.00,0.00,0.00,1.00,0.00,1.00,127,113,0.83,0.02,0.01,0.02,0.00,0.00,0.00,0.00,normal.
0,tcp,smtp,SF,1375,336,0,0,0,0,0,1,0,0,0,0,0,0,0,0,0,0,1,1,0.00,0.00,0.00,0.00,1.00,0.00,0.00,111,114,0.39,0.06,0.01,0.02,0.00,0.00,0.00,0.00,normal.
0,tcp,smtp,SF,924,332,0,0,0,0,0,1,0,0,0,0,0,0,0,0,0,0,1,1,0.00,0.00,0.00,0.00,1.00,0.00,0.00,2,99,1.00,0.00,0.50,0.02,0.00,0.00,0.00,0.00,normal.
13,tcp,smtp,SF,1064,335,0,0,0,0,0,1,0,0,0,0,0,0,0,0,0,0,1,2,0.00,0.00,0.00,0.00,1.00,0.00,1.00,75,152,0.96,0.04,0.01,0.01,0.00,0.00,0.00,0.00,normal.
1,tcp,smtp,SF,1743,333,0,0,0,0,0,1,0,0,0,0,0,0,0,0,0,0,1,4,0.00,0.00,0.00,0.00,1.00,0.00,1.00,93,182,0.67,0.04,0.01,0.02,0.00,0.00,0.00,0.00,normal.
1,tcp,smtp,SF,1913,330,0,0,0,0,0,1,0,0,0,0,0,0,0,0,0,0,1,3,0.00,0.00,0.00,0.00,1.00,0.00,1.00,255,131,0.51,0.03,0.00,0.00,0.00,0.00,0.00,0.00,normal.
0,tcp,smtp,SF,2003,325,0,0,0,0,0,1,0,0,0,0,0,0,0,0,0,0,1,1,0.00,0.00,0.00,0.00,1.00,0.00,0.00,21,129,0.76,0.19,0.05,0.02,0.00,0.00,0.00,0.00,normal.
1,tcp,smtp,SF,1372,337,0,0,0,0,0,1,0,0,0,0,0,0,0,0,0,0,1,2,0.00,0.00,0.00,0.00,1.00,0.00,1.00,40,112,0.52,0.08,0.03,0.02,0.00,0.00,0.00,0.00,normal.
0,tcp,smtp,SF,871,331,0,0,0,0,0,1,0,0,0,0,0,0,0,0,0,0,1,1,0.00,0.00,0.00,0.00,1.00,0.00,0.00,66,176,0.95,0.03,0.02,0.01,0.03,0.02,0.00,0.00,normal.
0,tcp,smtp,SF,745,331,0,0,0,0,0,1,0,0,0,0,0,0,0,0,0,0,1,1,0.00,0.00,0.00,0.00,1.00,0.00,0.00,247,28,0.11,0.59,0.00,0.00,0.00,0.00,0.00,0.00,normal.
0,tcp,smtp,SF,1384,334,0,0,0,0,0,1,0,0,0,0,0,0,0,0,0,0,1,1,0.00,0.00,0.00,0.00,1.00,0.00,0.00,172,149,0.56,0.04,0.01,0.01,0.00,0.00,0.00,0.00,normal.
1,tcp,smtp,SF,1070,334,0,0,0,0,0,1,0,0,0,0,0,0,0,0,0,0,1,2,0.00,0.00,0.00,0.00,1.00,0.00,1.00,73,129,0.75,0.07,0.01,0.02,0.00,0.00,0.00,0.00,normal.
0,tcp,smtp,SF,1320,328,0,0,0,0,0,1,0,0,0,0,0,0,0,0,0,0,1,1,0.00,0.00,0.00,0.00,1.00,0.00,0.00,53,92,0.70,0.11,0.02,0.02,0.00,0.00,0.02,0.00,normal.
0,tcp,smtp,SF,11548,1551,0,0,0,0,0,1,0,0,0,0,0,0,0,0,0,0,1,3,0.00,0.00,0.00,0.00,1.00,0.00,1.00,97,54,0.56,0.06,0.01,0.00,0.02,0.00,0.04,0.02,normal.
0,tcp,smtp,SF,719,323,0,0,0,0,0,1,0,0,0,0,0,0,0,0,0,0,1,1,0.00,0.00,0.00,0.00,1.00,0.00,0.00,5,164,1.00,0.00,0.20,0.02,0.00,0.00,0.00,0.00,normal.
0,tcp,smtp,SF,1375,330,0,0,0,0,0,1,0,0,0,0,0,0,0,0,0,0,1,1,0.00,0.00,0.00,0.00,1.00,0.00,0.00,126,138,0.71,0.04,0.01,0.01,0.00,0.00,0.00,0.00,normal.
12,tcp,smtp,SF,2222,327,0,0,0,0,0,1,0,0,0,0,0,0,0,0,0,0,1,1,0.00,0.00,0.00,0.00,1.00,0.00,0.00,139,122,0.88,0.03,0.01,0.00,0.00,0.00,0.00,0.00,normal.
1,tcp,smtp,SF,2848,280,0,0,0,0,0,1,0,0,0,0,0,0,0,0,0,0,1,1,0.00,0.00,0.00,0.00,1.00,0.00,0.00,92,177,0.47,0.05,0.01,0.01,0.00,0.00,0.00,0.00,normal.
2,tcp,smtp,SF,1238,329,0,0,0,0,0,1,0,0,0,0,0,0,0,0,0,0,1,2,0.00,0.00,0.00,0.00,1.00,0.00,1.00,58,238,0.91,0.05,0.02,0.01,0.00,0.00,0.00,0.00,normal.
0,tcp,smtp,SF,1918,326,0,0,0,0,0,1,0,0,0,0,0,0,0,0,0,0,1,2,0.00,0.00,0.00,0.00,1.00,0.00,1.00,4,135,1.00,0.00,0.25,0.02,0.00,0.04,0.00,0.01,normal.
1,tcp,smtp,SF,2315,326,0,0,0,0,0,1,0,0,0,0,0,0,0,0,0,0,1,1,0.00,0.00,0.00,0.00,1.00,0.00,0.00,53,106,0.57,0.08,0.02,0.02,0.00,0.00,0.00,0.01,normal.
2,tcp,smtp,SF,836,364,0,0,0,0,0,1,0,0,0,0,0,0,0,0,0,0,1,3,0.00,0.00,0.00,0.00,1.00,0.00,1.00,5,183,0.60,0.60,0.20,0.01,0.00,0.00,0.00,0.00,normal.
0,tcp,smtp,SF,1156,329,0,0,0,0,0,1,0,0,0,0,0,0,0,0,0,0,1,1,0.00,0.00,0.00,0.00,1.00,0.00,0.00,174,196,0.76,0.02,0.01,0.02,0.00,0.00,0.00,0.00,normal.
1,tcp,smtp,SF,1186,333,0,0,0,0,0,1,0,0,0,0,0,0,0,0,0,0,1,1,0.00,0.00,0.00,0.00,1.00,0.00,0.00,112,147,0.55,0.05,0.01,0.01,0.00,0.00,0.00,0.00,normal.
1,tcp,smtp,SF,805,328,0,0,0,0,0,1,0,0,0,0,0,0,0,0,0,0,1,1,0.00,0.00,0.00,0.00,1.00,0.00,0.00,37,10,0.27,0.11,0.03,0.00,0.00,0.00,0.00,0.00,normal.
0,tcp,smtp,SF,1779,335,0,0,0,0,0,1,0,0,0,0,0,0,0,0,0,0,1,2,0.00,0.00,0.00,0.00,1.00,0.00,1.00,93,114,0.46,0.05,0.01,0.02,0.00,0.00,0.00,0.00,normal.
1,tcp,smtp,SF,1106,332,0,0,0,0,0,1,0,0,0,0,0,0,0,0,0,0,1,3,0.00,0.00,0.00,0.00,1.00,0.00,1.00,170,115,0.36,0.04,0.01,0.02,0.01,0.01,0.00,0.00,normal.
0,tcp,smtp,SF,710,327,0,0,0,0,0,1,0,0,0,0,0,0,0,0,0,0,1,2,0.00,0.00,0.00,0.00,1.00,0.00,1.00,69,136,0.67,0.06,0.01,0.01,0.00,0.00,0.00,0.00,normal.
2,tcp,smtp,SF,1017,330,0,0,0,0,0,1,0,0,0,0,0,0,0,0,0,0,1,1,0.00,0.00,0.00,0.00,1.00,0.00,0.00,231,163,0.71,0.03,0.00,0.00,0.00,0.00,0.00,0.00,normal.
5,tcp,smtp,SF,569,333,0,0,0,0,0,1,0,0,0,0,0,0,0,0,0,0,1,2,0.00,0.00,0.00,0.00,1.00,0.00,1.00,102,104,0.55,0.05,0.01,0.02,0.00,0.00,0.00,0.00,normal.
3,tcp,smtp,SF,1616,329,0,0,0,0,0,1,0,0,0,0,0,0,0,0,0,0,1,1,0.00,0.00,0.00,0.00,1.00,0.00,0.00,255,17,0.07,0.67,0.00,0.00,0.00,0.00,0.00,0.00,normal.
2,tcp,smtp,SF,3026,330,0,0,0,0,0,1,0,0,0,0,0,0,0,0,0,0,1,4,0.00,0.00,0.00,0.00,1.00,0.00,0.75,32,159,0.88,0.06,0.03,0.01,0.00,0.00,0.00,0.00,normal.
2,tcp,smtp,SF,1024,335,0,0,0,0,0,1,0,0,0,0,0,0,0,0,0,0,1,2,0.00,0.00,0.00,0.00,1.00,0.00,1.00,4,164,1.00,0.00,0.25,0.01,0.00,0.00,0.00,0.00,normal.
5,tcp,smtp,SF,1610,333,0,0,0,0,0,1,0,0,0,0,0,0,0,0,0,0,1,4,0.00,0.00,0.00,0.00,1.00,0.00,1.00,17,148,0.71,0.18,0.06,0.01,0.00,0.00,0.00,0.00,normal.
3,tcp,smtp,SF,808,333,0,0,0,0,0,1,0,0,0,0,0,0,0,0,0,0,1,1,0.00,0.00,0.00,0.00,1.00,0.00,0.00,214,157,0.68,0.03,0.00,0.01,0.00,0.01,0.00,0.00,normal.
3,tcp,smtp,SF,1526,330,0,0,0,0,0,1,0,0,0,0,0,0,0,0,0,0,1,2,0.00,0.00,0.00,0.00,1.00,0.00,1.00,166,244,0.96,0.01,0.01,0.01,0.00,0.00,0.00,0.00,normal.
0,tcp,smtp,SF,1204,333,0,0,0,0,0,1,0,0,0,0,0,0,0,0,0,0,1,2,0.00,0.00,0.00,0.00,1.00,0.00,1.00,195,146,0.56,0.02,0.01,0.01,0.00,0.00,0.03,0.04,normal.
1,tcp,smtp,SF,1247,331,0,0,0,0,0,1,0,0,0,0,0,0,0,0,0,0,1,1,0.00,0.00,0.00,0.00,1.00,0.00,0.00,190,163,0.72,0.03,0.01,0.01,0.00,0.00,0.00,0.00,normal.
4,tcp,smtp,SF,2316,339,0,0,0,0,0,1,0,0,0,0,1,0,0,0,0,0,1,1,0.00,0.00,0.00,0.00,1.00,0.00,0.00,106,103,0.74,0.05,0.01,0.02,0.00,0.00,0.00,0.00,normal.
7,tcp,smtp,SF,1478,366,0,0,0,0,0,1,0,0,0,0,0,0,0,0,0,0,1,1,0.00,0.00,0.00,0.00,1.00,0.00,0.00,75,57,0.76,0.03,0.01,0.00,0.00,0.00,0.00,0.00,normal.
0,tcp,smtp,SF,2077,337,0,0,0,0,0,1,0,0,0,0,0,0,0,0,0,0,1,1,0.00,0.00,0.00,0.00,1.00,0.00,0.00,153,126,0.52,0.04,0.01,0.02,0.00,0.00,0.00,0.00,normal.
0,tcp,smtp,SF,1406,405,0,0,0,0,0,1,0,0,0,0,0,0,0,0,0,0,1,1,0.00,0.00,0.00,0.00,1.00,0.00,0.00,78,183,0.86,0.04,0.01,0.01,0.00,0.00,0.00,0.00,normal.
0,tcp,smtp,SF,2077,390,0,0,0,0,0,1,0,0,0,0,0,0,0,0,0,0,1,1,0.00,0.00,0.00,0.00,1.00,0.00,0.00,106,148,0.58,0.03,0.01,0.01,0.01,0.00,0.00,0.00,normal.
1,tcp,smtp,SF,917,393,0,0,0,0,0,1,0,0,0,0,0,0,0,0,0,0,1,3,0.00,0.00,0.00,0.00,1.00,0.00,1.00,27,187,0.81,0.11,0.04,0.02,0.04,0.00,0.00,0.05,normal.
0,tcp,smtp,SF,772,334,0,0,0,0,0,1,0,0,0,0,0,0,0,0,0,0,1,1,0.00,0.00,0.00,0.00,1.00,0.00,0.00,79,120,0.89,0.06,0.01,0.03,0.00,0.00,0.00,0.00,normal.
2,tcp,smtp,SF,1496,330,0,0,0,0,0,1,0,0,0,0,0,0,0,0,0,0,1,3,0.00,0.00,0.00,0.00,1.00,0.00,1.00,6,179,1.00,0.00,0.17,0.02,0.00,0.00,0.00,0.00,normal.
0,tcp,smtp,SF,2632,601,0,0,0,0,0,1,0,0,0,0,0,0,0,0,0,0,1,1,0.00,0.00,0.00,0.00,1.00,0.00,0.00,85,227,0.74,0.04,0.01,0.01,0.20,0.00,0.00,0.00,normal.
0,tcp,smtp,SF,3059,330,0,0,0,0,0,1,0,0,0,0,0,0,0,0,0,0,1,1,0.00,0.00,0.00,0.00,1.00,0.00,0.00,255,8,0.03,0.64,0.00,0.00,0.00,0.00,0.00,0.00,normal.
0,tcp,smtp,SF,1416,335,0,0,0,0,0,1,0,0,0,0,0,0,0,0,0,0,1,1,0.00,0.00,0.00,0.00,1.00,0.00,0.00,218,150,0.69,0.02,0.00,0.00,0.00,0.00,0.00,0.00,normal.
1,tcp,smtp,SF,1199,328,0,0,0,0,0,1,0,0,0,0,0,0,0,0,0,0,1,2,0.00,0.00,0.00,0.00,1.00,0.00,1.00,155,143,0.39,0.05,0.01,0.01,0.00,0.00,0.00,0.00,normal.
0,tcp,smtp,S0,0,0,0,0,0,0,0,0,0,0,0,0,0,0,0,0,0,0,137,11,1.00,0.91,0.00,0.00,0.07,0.06,0.18,255,13,0.05,0.07,0.00,0.00,1.00,1.00,0.00,0.00,neptune.
0,tcp,smtp,SF,2844,360,0,0,0,0,0,1,0,0,0,0,0,0,0,0,0,0,1,1,0.00,0.00,0.00,0.00,1.00,0.00,0.00,210,157,0.62,0.02,0.00,0.01,0.00,0.00,0.00,0.00,normal.
0,tcp,smtp,SF,2766,332,0,0,0,0,0,1,0,0,0,0,0,0,0,0,0,0,1,1,0.00,0.00,0.00,0.00,1.00,0.00,0.00,58,24,0.41,0.07,0.02,0.00,0.00,0.00,0.00,0.00,normal.
2,tcp,smtp,SF,1238,332,0,0,0,0,0,1,0,0,0,0,0,0,0,0,0,0,1,2,0.00,0.00,0.00,0.00,1.00,0.00,1.00,220,126,0.57,0.03,0.00,0.00,0.00,0.00,0.00,0.00,normal.
0,tcp,smtp,SF,526,277,0,0,0,0,0,1,0,0,0,0,0,0,0,0,0,0,1,1,0.00,0.00,0.00,0.00,1.00,0.00,0.00,51,32,0.63,0.10,0.02,0.00,0.00,0.00,0.00,0.00,normal.
1,tcp,smtp,SF,1006,279,0,0,0,0,0,1,0,0,0,0,0,0,0,0,0,0,1,4,0.00,0.00,0.00,0.00,1.00,0.00,1.00,7,5,0.71,0.29,0.14,0.00,0.00,0.00,0.00,0.00,normal.
1,tcp,smtp,SF,1764,331,0,0,0,0,0,1,0,0,0,0,0,0,0,0,0,0,1,2,0.00,0.00,0.00,0.00,1.00,0.00,1.00,122,193,0.81,0.02,0.01,0.01,0.00,0.00,0.00,0.00,normal.
4,tcp,smtp,SF,10545,324,0,0,0,0,0,1,0,0,0,0,0,0,0,0,0,0,1,1,0.00,0.00,0.00,0.00,1.00,0.00,0.00,63,58,0.92,0.05,0.02,0.00,0.00,0.00,0.00,0.00,normal.
1,tcp,smtp,SF,1820,337,0,0,0,0,0,1,0,0,0,0,0,0,0,0,0,0,1,3,0.00,0.00,0.00,0.00,1.00,0.00,1.00,69,177,0.72,0.06,0.01,0.01,0.00,0.00,0.00,0.00,normal.
1,tcp,smtp,SF,1262,399,0,0,0,0,0,1,0,0,0,0,0,0,0,0,0,0,1,3,0.00,0.00,0.00,0.00,1.00,0.00,1.00,95,149,0.69,0.04,0.01,0.02,0.00,0.01,0.05,0.04,normal.
0,tcp,smtp,SF,799,336,0,0,0,0,0,1,0,0,0,0,0,0,0,0,0,0,1,1,0.00,0.00,0.00,0.00,1.00,0.00,0.00,153,105,0.39,0.03,0.01,0.02,0.00,0.00,0.00,0.00,normal.
0,tcp,smtp,SF,861,400,0,0,0,0,0,1,0,0,0,0,0,0,0,0,0,0,1,4,0.00,0.00,0.00,0.00,1.00,0.00,1.00,70,178,0.84,0.04,0.01,0.02,0.00,0.01,0.01,0.00,normal.
0,tcp,smtp,SF,1201,327,0,0,0,0,0,1,0,0,0,0,0,0,0,0,0,0,1,1,0.00,0.00,0.00,0.00,1.00,0.00,0.00,158,114,0.72,0.04,0.01,0.00,0.01,0.02,0.00,0.00,normal.
0,tcp,smtp,SF,1456,331,0,0,0,0,0,1,0,0,0,0,0,0,0,0,0,0,1,2,0.00,0.00,0.00,0.00,1.00,0.00,1.00,255,4,0.02,0.71,0.00,0.00,0.00,0.00,0.00,0.00,normal.
20,tcp,smtp,SF,979,340,0,0,0,0,0,1,0,0,0,0,0,0,0,0,0,0,1,1,0.00,0.00,0.00,0.00,1.00,0.00,0.00,199,107,0.48,0.03,0.01,0.02,0.00,0.00,0.00,0.00,normal.
1,tcp,smtp,SF,1395,331,0,0,0,0,0,1,0,0,0,0,0,0,0,0,0,0,1,3,0.00,0.00,0.00,0.00,1.00,0.00,1.00,10,142,0.60,0.30,0.10,0.01,0.00,0.01,0.00,0.00,normal.
28,tcp,smtp,SF,1141,362,0,0,0,0,0,1,0,0,0,0,0,0,0,0,0,0,1,2,0.00,0.00,0.00,0.00,1.00,0.00,1.00,106,73,0.69,0.03,0.01,0.00,0.00,0.00,0.00,0.00,normal.
1,tcp,smtp,SF,863,326,0,0,0,0,0,1,0,0,0,0,0,0,0,0,0,0,1,4,0.00,0.00,0.00,0.00,1.00,0.00,1.00,5,110,0.40,0.60,0.20,0.02,0.00,0.00,0.00,0.00,normal.
0,tcp,smtp,SF,3561,403,0,0,0,0,0,1,0,0,0,0,0,0,0,0,0,0,1,2,0.00,0.00,0.00,0.00,1.00,0.00,1.00,248,160,0.65,0.02,0.00,0.00,0.00,0.00,0.00,0.00,normal.
5,tcp,smtp,SF,2609,341,0,0,0,0,0,1,0,0,0,0,0,0,0,0,0,0,1,1,0.00,0.00,0.00,0.00,1.00,0.00,0.00,88,160,0.75,0.07,0.01,0.01,0.00,0.00,0.00,0.00,normal.
0,tcp,smtp,SF,1222,335,0,0,0,0,0,1,0,0,0,0,0,0,0,0,0,0,1,1,0.00,0.00,0.00,0.00,1.00,0.00,0.00,255,118,0.46,0.02,0.00,0.00,0.00,0.01,0.00,0.00,normal.
1,tcp,smtp,SF,667,328,0,0,0,0,0,1,0,0,0,0,0,0,0,0,0,0,1,2,0.00,0.00,0.00,0.00,1.00,0.00,1.00,34,159,0.91,0.12,0.03,0.01,0.00,0.00,0.00,0.00,normal.
0,tcp,smtp,SF,1188,327,0,0,0,0,0,1,0,0,0,0,0,0,0,0,0,0,1,1,0.00,0.00,0.00,0.00,1.00,0.00,0.00,95,180,0.47,0.03,0.01,0.02,0.01,0.00,0.00,0.00,normal.
2,tcp,smtp,SF,1201,338,0,0,0,0,0,1,0,0,0,0,0,0,0,0,0,0,1,1,0.00,0.00,0.00,0.00,1.00,0.00,0.00,68,140,0.66,0.04,0.01,0.01,0.00,0.00,0.00,0.00,normal.
0,tcp,smtp,SF,1660,372,0,0,0,0,0,1,0,0,0,0,0,0,0,0,0,0,1,2,0.00,0.00,0.00,0.00,1.00,0.00,1.00,16,162,0.88,0.12,0.06,0.01,0.00,0.00,0.00,0.00,normal.
0,tcp,smtp,SF,2591,340,0,0,0,0,0,1,0,0,0,0,0,0,0,0,0,0,1,1,0.00,0.00,0.00,0.00,1.00,0.00,0.00,98,225,0.90,0.03,0.01,0.01,0.00,0.00,0.00,0.00,normal.
0,tcp,smtp,SF,802,334,0,0,0,0,0,1,0,0,0,0,0,0,0,0,0,0,1,1,0.00,0.00,0.00,0.00,1.00,0.00,0.00,178,146,0.60,0.02,0.01,0.01,0.00,0.00,0.00,0.00,normal.
2,tcp,smtp,SF,797,320,0,0,0,0,0,1,0,0,0,0,0,0,0,0,0,0,1,2,0.00,0.00,0.00,0.00,1.00,0.00,1.00,94,110,0.50,0.04,0.01,0.02,0.00,0.00,0.00,0.00,normal.
1,tcp,smtp,SF,1905,330,0,0,0,0,0,1,0,0,0,0,0,0,0,0,0,0,2,1,0.00,0.00,0.00,0.00,0.50,1.00,0.00,43,142,0.33,0.12,0.02,0.01,0.00,0.00,0.00,0.00,normal.
33,tcp,smtp,SF,3570,379,0,0,0,0,0,1,0,0,0,0,0,0,0,0,0,0,1,3,0.00,0.00,0.00,0.00,1.00,0.00,1.00,133,199,0.85,0.03,0.01,0.01,0.00,0.00,0.00,0.00,normal.
1,tcp,smtp,SF,881,330,0,0,0,0,0,1,0,0,0,0,0,0,0,0,0,0,1,2,0.00,0.00,0.00,0.00,1.00,0.00,1.00,110,139,0.61,0.05,0.01,0.01,0.00,0.00,0.00,0.00,normal.
1,tcp,smtp,SF,1266,330,0,0,0,0,0,1,0,0,0,0,0,0,0,0,0,0,1,1,0.00,0.00,0.00,0.00,1.00,0.00,0.00,255,157,0.62,0.01,0.00,0.00,0.00,0.00,0.00,0.00,normal.
0,tcp,smtp,SF,1577,336,0,0,0,0,0,1,0,0,0,0,0,0,0,0,0,0,1,1,0.00,0.00,0.00,0.00,1.00,0.00,0.00,175,134,0.77,0.02,0.01,0.00,0.00,0.00,0.00,0.00,normal.
0,tcp,smtp,SF,1888,328,0,0,0,0,0,1,0,0,0,0,0,0,0,0,0,0,1,1,0.00,0.00,0.00,0.00,1.00,0.00,0.00,187,190,0.68,0.02,0.01,0.01,0.00,0.00,0.00,0.00,normal.
9,tcp,smtp,SF,1037,328,0,0,0,0,0,1,0,0,0,0,0,0,0,0,0,0,1,3,0.00,0.00,0.00,0.00,1.00,0.00,1.00,98,73,0.61,0.05,0.01,0.03,0.00,0.00,0.00,0.00,normal.
7,tcp,smtp,SF,1035,337,0,0,0,0,0,1,0,0,0,0,0,0,0,0,0,0,1,1,0.00,0.00,0.00,0.00,1.00,0.00,0.00,151,150,0.60,0.03,0.01,0.01,0.00,0.00,0.03,0.03,normal.
2,tcp,smtp,SF,1149,331,0,0,0,0,0,1,0,0,0,0,0,0,0,0,0,0,1,2,0.00,0.00,0.00,0.00,1.00,0.00,1.00,67,65,0.97,0.04,0.01,0.00,0.00,0.00,0.03,0.03,normal.
0,tcp,smtp,SF,93005,403,0,0,0,0,0,1,0,0,0,0,0,0,0,0,0,0,1,2,0.00,0.00,0.00,0.00,1.00,0.00,1.00,7,2,0.29,0.43,0.14,0.00,0.14,0.00,0.00,0.00,normal.
0,tcp,smtp,SF,2193,326,0,0,0,0,0,1,0,0,0,0,0,0,0,0,0,0,1,1,0.00,0.00,0.00,0.00,1.00,0.00,0.00,255,189,0.74,0.03,0.00,0.00,0.00,0.00,0.00,0.00,normal.
2,tcp,smtp,SF,1092,334,0,0,0,0,0,1,0,0,0,0,0,0,0,0,0,0,1,2,0.00,0.00,0.00,0.00,1.00,0.00,1.00,94,147,0.62,0.05,0.01,0.01,0.00,0.00,0.00,0.00,normal.
4,tcp,smtp,SF,2394,330,0,0,0,0,0,1,0,0,0,0,0,0,0,0,0,0,1,1,0.00,0.00,0.00,0.00,1.00,0.00,0.00,27,18,0.67,0.11,0.04,0.00,0.00,0.00,0.00,0.00,normal.
0,tcp,smtp,SF,644,490,0,0,0,0,0,1,0,0,0,0,0,0,0,0,0,0,1,1,0.00,0.00,0.00,0.00,1.00,0.00,0.00,41,238,1.00,0.00,0.02,0.01,0.00,0.00,0.00,0.00,normal.
0,tcp,smtp,SF,1672,334,0,0,0,0,0,1,0,0,0,0,0,0,0,0,0,0,2,2,0.00,0.00,0.00,0.00,0.50,1.00,1.00,79,118,0.53,0.06,0.01,0.02,0.00,0.00,0.00,0.00,normal.
0,tcp,smtp,SF,2472,490,0,0,0,0,0,1,0,0,0,0,0,0,0,0,0,0,1,3,0.00,0.00,0.00,0.00,1.00,0.00,1.00,37,173,0.46,0.08,0.03,0.01,0.00,0.00,0.00,0.00,normal.
3,tcp,smtp,SF,1370,328,0,0,0,0,0,1,0,0,0,0,0,0,0,0,0,0,1,2,0.00,0.00,0.00,0.00,1.00,0.00,1.00,208,135,0.65,0.02,0.00,0.00,0.00,0.00,0.00,0.00,normal.
0,tcp,smtp,SF,595,332,0,0,0,0,0,1,0,0,0,0,0,0,0,0,0,0,1,1,0.00,0.00,0.00,0.00,1.00,0.00,0.00,21,120,0.52,0.19,0.05,0.02,0.00,0.00,0.00,0.00,normal.
2,tcp,smtp,SF,22532,1437,0,0,0,0,0,1,0,0,0,0,0,0,0,0,0,0,1,2,0.00,0.00,0.00,0.00,1.00,0.00,1.00,131,151,0.60,0.04,0.01,0.01,0.00,0.00,0.02,0.03,normal.
1,tcp,smtp,SF,1257,330,0,0,0,0,0,1,0,0,0,0,0,0,0,0,0,0,1,1,0.00,0.00,0.00,0.00,1.00,0.00,0.00,131,122,0.90,0.02,0.01,0.02,0.00,0.00,0.00,0.00,normal.
0,tcp,smtp,SF,868,330,0,0,0,0,0,1,0,0,0,0,0,0,0,0,0,0,1,1,0.00,0.00,0.00,0.00,1.00,0.00,0.00,191,139,0.54,0.03,0.01,0.01,0.01,0.01,0.00,0.00,normal.
4,tcp,smtp,SF,1139,331,0,0,0,0,0,1,0,0,0,0,0,0,0,0,0,0,1,1,0.00,0.00,0.00,0.00,1.00,0.00,0.00,211,151,0.68,0.03,0.00,0.01,0.00,0.00,0.00,0.00,normal.
0,tcp,smtp,SF,1255,330,0,0,0,0,0,1,0,0,0,0,0,0,0,0,0,0,1,2,0.00,0.00,0.00,0.00,1.00,0.00,1.00,254,185,0.72,0.02,0.00,0.01,0.00,0.00,0.00,0.00,normal.
1,tcp,smtp,SF,838,371,0,0,0,0,0,1,0,0,0,0,0,0,0,0,0,0,1,1,0.00,0.00,0.00,0.00,1.00,0.00,0.00,212,201,0.86,0.01,0.00,0.01,0.00,0.00,0.00,0.00,normal.
1,tcp,smtp,SF,1294,330,0,0,0,0,0,1,0,0,0,0,0,0,0,0,0,0,1,2,0.00,0.00,0.00,0.00,1.00,0.00,1.00,180,130,0.72,0.03,0.01,0.00,0.00,0.00,0.00,0.00,normal.
0,tcp,smtp,SF,2141,693,0,0,0,0,0,1,0,0,0,0,0,0,0,0,0,0,1,4,0.00,0.00,0.00,0.00,1.00,0.00,1.00,58,244,0.95,0.03,0.02,0.01,0.00,0.00,0.00,0.00,normal.
0,tcp,smtp,SF,1703,333,0,0,0,0,0,1,0,0,0,0,0,0,0,0,0,0,1,1,0.00,0.00,0.00,0.00,1.00,0.00,0.00,147,179,0.66,0.04,0.01,0.01,0.00,0.00,0.00,0.00,normal.
0,tcp,smtp,SF,1197,328,0,0,0,0,0,1,0,0,0,0,0,0,0,0,0,0,1,2,0.00,0.00,0.00,0.00,1.00,0.00,1.00,24,124,0.96,0.08,0.04,0.02,0.00,0.00,0.00,0.00,normal.
0,tcp,smtp,SF,1330,325,0,0,0,0,0,1,0,0,0,0,0,0,0,0,0,0,1,1,0.00,0.00,0.00,0.00,1.00,0.00,0.00,245,186,0.72,0.02,0.00,0.01,0.00,0.00,0.00,0.00,normal.
3,tcp,smtp,SF,1201,333,0,0,0,0,0,1,0,0,0,0,0,0,0,0,0,0,1,2,0.00,0.00,0.00,0.00,1.00,0.00,1.00,34,168,0.68,0.12,0.03,0.01,0.00,0.00,0.00,0.00,normal.
0,tcp,smtp,SF,692,332,0,0,0,0,0,1,0,0,0,0,0,0,0,0,0,0,1,2,0.00,0.00,0.00,0.00,1.00,0.00,1.00,74,43,0.58,0.07,0.01,0.00,0.00,0.00,0.00,0.00,normal.
5,tcp,smtp,SF,1272,368,0,0,0,0,0,1,0,0,0,0,0,0,0,0,0,0,1,1,0.00,0.00,0.00,0.00,1.00,0.00,0.00,200,167,0.83,0.03,0.00,0.00,0.00,0.00,0.00,0.00,normal.
0,tcp,smtp,SF,1456,494,0,0,0,0,0,1,0,0,0,0,0,0,0,0,0,0,1,1,0.00,0.00,0.00,0.00,1.00,0.00,0.00,44,245,0.95,0.07,0.02,0.02,0.00,0.00,0.00,0.00,normal.
1,tcp,smtp,SF,2671,418,0,0,0,0,0,1,0,0,0,0,0,0,0,0,0,0,1,2,0.00,0.00,0.00,0.00,1.00,0.00,1.00,79,150,0.58,0.05,0.01,0.01,0.00,0.00,0.00,0.00,normal.
0,tcp,smtp,SF,1548,332,0,0,0,0,0,1,0,0,0,0,0,0,0,0,0,0,1,1,0.00,0.00,0.00,0.00,1.00,0.00,0.00,167,245,0.95,0.02,0.01,0.01,0.00,0.00,0.00,0.00,normal.
0,tcp,smtp,SF,978,329,0,0,0,0,0,1,0,0,0,0,0,0,0,0,0,0,1,1,0.00,0.00,0.00,0.00,1.00,0.00,0.00,65,200,0.75,0.06,0.02,0.01,0.00,0.00,0.00,0.00,normal.
14,tcp,smtp,SF,1245,328,0,0,0,0,0,1,0,0,0,0,0,0,0,0,0,0,1,1,0.00,0.00,0.00,0.00,1.00,0.00,0.00,87,75,0.86,0.05,0.01,0.00,0.00,0.00,0.00,0.00,normal.
0,tcp,smtp,SF,913,336,0,0,0,0,0,1,0,0,0,0,0,0,0,0,0,0,1,3,0.00,0.00,0.00,0.00,1.00,0.00,1.00,137,115,0.63,0.04,0.01,0.02,0.00,0.00,0.00,0.00,normal.
5,tcp,smtp,SF,1029,365,0,0,0,0,0,1,0,0,0,0,0,0,0,0,0,0,1,1,0.00,0.00,0.00,0.00,1.00,0.00,0.00,184,105,0.56,0.03,0.01,0.02,0.00,0.00,0.00,0.00,normal.
0,tcp,smtp,SF,1452,336,0,0,0,0,0,1,0,0,0,0,0,0,0,0,0,0,1,1,0.00,0.00,0.00,0.00,1.00,0.00,0.00,20,19,0.95,0.10,0.05,0.00,0.00,0.00,0.00,0.00,normal.
1,tcp,smtp,SF,1590,371,0,0,0,0,0,1,0,0,0,0,0,0,0,0,0,0,1,4,0.00,0.00,0.00,0.00,1.00,0.00,1.00,57,155,0.81,0.05,0.02,0.01,0.00,0.00,0.02,0.04,normal.
1,tcp,smtp,SF,11524,921,0,0,0,0,0,1,0,0,0,0,0,0,0,0,0,0,1,1,0.00,0.00,0.00,0.00,1.00,0.00,0.00,4,173,0.75,0.50,0.25,0.01,0.25,0.01,0.00,0.00,normal.
2,tcp,smtp,SF,1040,329,0,0,0,0,0,1,0,0,0,0,0,0,0,0,0,0,1,2,0.00,0.00,0.00,0.00,1.00,0.00,1.00,183,135,0.60,0.03,0.01,0.01,0.01,0.00,0.00,0.00,normal.
0,tcp,smtp,SF,1983,361,0,0,0,0,0,1,0,0,0,0,0,0,0,0,0,0,1,1,0.00,0.00,0.00,0.00,1.00,0.00,0.00,255,153,0.60,0.02,0.00,0.00,0.00,0.00,0.00,0.00,normal.
18,tcp,smtp,SF,1310,408,0,0,0,0,0,1,0,0,0,0,0,0,0,0,0,0,1,1,0.00,0.00,0.00,0.00,1.00,0.00,0.00,127,200,0.69,0.02,0.01,0.01,0.00,0.00,0.00,0.00,normal.
7,tcp,smtp,SF,7501,334,0,0,0,0,0,1,0,0,0,0,0,0,0,0,0,0,1,2,0.00,0.00,0.00,0.00,1.00,0.00,1.00,3,126,1.00,0.00,0.33,0.02,0.00,0.00,0.00,0.00,normal.
1,tcp,smtp,SF,1155,332,0,0,0,0,0,1,0,0,0,0,0,0,0,0,0,0,2,2,0.00,0.00,0.00,0.00,0.50,1.00,1.00,103,164,0.73,0.04,0.01,0.01,0.00,0.00,0.00,0.00,normal.
20,tcp,smtp,SF,629,335,0,0,0,0,0,1,0,0,0,0,0,0,0,0,0,0,1,4,0.00,0.00,0.00,0.00,1.00,0.00,0.75,150,132,0.62,0.03,0.01,0.02,0.00,0.00,0.00,0.00,normal.
7,tcp,smtp,SF,1302,364,0,0,0,0,0,1,0,0,0,0,0,0,0,0,0,0,1,2,0.00,0.00,0.00,0.00,1.00,0.00,1.00,139,130,0.55,0.04,0.01,0.02,0.00,0.00,0.00,0.00,normal.
0,tcp,smtp,SF,792,333,0,0,0,0,0,1,0,0,0,0,0,0,0,0,0,0,1,1,0.00,0.00,0.00,0.00,1.00,0.00,0.00,217,129,0.59,0.03,0.00,0.00,0.00,0.00,0.00,0.00,normal.
0,tcp,smtp,SF,736,331,0,0,0,0,0,1,0,0,0,0,0,0,0,0,0,0,1,2,0.00,0.00,0.00,0.00,1.00,0.00,1.00,14,142,0.57,0.14,0.07,0.02,0.00,0.00,0.00,0.00,normal.
